Modified Pacioma Dam (Velocity in mps, TS=0.02s)
1997,  0.02
0
0.00228
0.00486
0.00398
0.00276
0.00465
0.00404
0.00375
0.00778
0.00761
0.00713
0.01141
0.0113
0.01057
0.01349
0.01228
0.00777
0.00668
0.00814
0.00767
0.00697
0.00697
0.00322
-0.00045
0.00416
0.00773
-0.00032
-0.01195
-0.01751
-0.01658
-0.0109
-0.00402
-0.00121
-0.00417
-0.00922
-0.01154
-0.01182
-0.01096
-0.00953
-0.0106
-0.01479
-0.01722
-0.0115
-0.00455
-0.00459
-0.0068
-0.01367
-0.02516
-0.02761
-0.01846
-0.01039
-0.00942
-0.01161
-0.01685
-0.02234
-0.02432
-0.02799
-0.03409
-0.03713
-0.03439
-0.02854
-0.02521
-0.0265
-0.03135
-0.03617
-0.03747
-0.03719
-0.03883
-0.04194
-0.04469
-0.04754
-0.05263
-0.05838
-0.06127
-0.06246
-0.0639
-0.06575
-0.06899
-0.07259
-0.07312
-0.06965
-0.06558
-0.0673
-0.07816
-0.09324
-0.10581
-0.11289
-0.11507
-0.1149
-0.11173
-0.10344
-0.09235
-0.08411
-0.08269
-0.08715
-0.08891
-0.07796
-0.05895
-0.04428
-0.0374
-0.03851
-0.04588
-0.05084
-0.05249
-0.06144
-0.08076
-0.10445
-0.12786
-0.14873
-0.16422
-0.17278
-0.17833
-0.18483
-0.18919
-0.18933
-0.19358
-0.21057
-0.2353
-0.25584
-0.26498
-0.25882
-0.23575
-0.2029
-0.17224
-0.14505
-0.11288
-0.07347
-0.03278
0.00368
0.03396
0.05843
0.07907
0.09827
0.11723
0.14137
0.18108
0.23807
0.30467
0.37262
0.43261
0.47463
0.49093
0.48479
0.47982
0.50191
0.5468
0.59841
0.65364
0.70418
0.73975
0.76064
0.76889
0.76395
0.74628
0.71825
0.67978
0.63295
0.58661
0.54469
0.50673
0.47307
0.43955
0.39974
0.34674
0.28135
0.21275
0.13988
0.06451
0.00443
-0.03452
-0.06235
-0.0879
-0.11467
-0.1374
-0.14946
-0.15638
-0.16874
-0.18022
-0.17752
-0.16582
-0.1576
-0.15856
-0.17145
-0.19217
-0.2125
-0.22457
-0.21964
-0.19828
-0.16919
-0.13722
-0.10468
-0.07395
-0.04526
-0.01854
0.00536
0.02814
0.05416
0.08515
0.11745
0.14595
0.1682
0.18457
0.1966
0.20562
0.21345
0.22204
0.23085
0.23455
0.22564
0.20398
0.17765
0.15034
0.1208
0.0962
0.09249
0.11966
0.16917
0.21742
0.2455
0.25053
0.23938
0.21935
0.1932
0.1635
0.13617
0.11024
0.07889
0.04418
0.01581
0.00692
0.03068
0.08103
0.13028
0.15725
0.166
0.17137
0.17884
0.18282
0.17403
0.15211
0.12649
0.10264
0.08126
0.06168
0.04023
0.0134
-0.01709
-0.0446
-0.06284
-0.07114
-0.07641
-0.07987
-0.07062
-0.04906
-0.0315
-0.02974
-0.0482
-0.08173
-0.11592
-0.14076
-0.15104
-0.14749
-0.14586
-0.15979
-0.17988
-0.19398
-0.20513
-0.21518
-0.22255
-0.23522
-0.25817
-0.27935
-0.28931
-0.29329
-0.2946
-0.29215
-0.2847
-0.26826
-0.24526
-0.22487
-0.20992
-0.19557
-0.1752
-0.14472
-0.10595
-0.0648
-0.02744
0.00006
0.01466
0.01977
0.02133
0.02427
0.03164
0.04232
0.05223
0.0569
0.04853
0.02916
0.01839
0.01784
0.01317
-0.00187
-0.03656
-0.09045
-0.14377
-0.18222
-0.21108
-0.23624
-0.24457
-0.2175
-0.15313
-0.07679
-0.02041
0.00531
0.0059
-0.00245
-0.01282
-0.04157
-0.09011
-0.13923
-0.17706
-0.19752
-0.20046
-0.19428
-0.18725
-0.18547
-0.1929
-0.20151
-0.19109
-0.15901
-0.13269
-0.13051
-0.14599
-0.17135
-0.20156
-0.22779
-0.24482
-0.26202
-0.28963
-0.31544
-0.32385
-0.31829
-0.30514
-0.29064
-0.28287
-0.28626
-0.30686
-0.33291
-0.33584
-0.3188
-0.30275
-0.2858
-0.25949
-0.22365
-0.18675
-0.16185
-0.15407
-0.16119
-0.17865
-0.20355
-0.23676
-0.27606
-0.31066
-0.32415
-0.30129
-0.23335
-0.13771
-0.05391
-0.00037
0.02847
0.0389
0.03848
0.03694
0.03992
0.04345
0.0322
-0.00037
-0.04023
-0.08032
-0.12815
-0.17899
-0.22289
-0.26545
-0.30797
-0.33498
-0.31884
-0.24355
-0.13729
-0.04373
0.02338
0.06657
0.0842
0.094
0.11154
0.12292
0.12251
0.11469
0.08882
0.0356
-0.02987
-0.08361
-0.11644
-0.12459
-0.11039
-0.08879
-0.06219
-0.02168
0.0399
0.12398
0.20476
0.2535
0.27849
0.2973
0.30946
0.3109
0.29895
0.28355
0.27797
0.29018
0.33638
0.39135
0.39502
0.34402
0.28758
0.23077
0.13996
0.04296
0.0098
0.04005
0.07311
0.08637
0.08751
0.08019
0.0698
0.06481
0.06831
0.07113
0.08614
0.12633
0.16741
0.18014
0.15988
0.13686
0.12978
0.12985
0.139
0.15163
0.15517
0.15584
0.17633
0.20699
0.2121
0.19967
0.18611
0.1672
0.14118
0.11244
0.09626
0.1127
0.16184
0.22029
0.26014
0.26077
0.22726
0.18185
0.13522
0.09106
0.05134
0.01778
0.00122
0.00696
0.0274
0.05071
0.06164
0.05509
0.04232
0.02873
0.01273
0.0032
0.00855
0.02569
0.04799
0.07002
0.08737
0.09449
0.08964
0.07621
0.05759
0.03586
0.01249
-0.00653
-0.00947
0.00949
0.04452
0.07678
0.0926
0.09474
0.08351
0.06069
0.03701
0.02145
0.0149
0.01382
0.01764
0.02542
0.03267
0.03387
0.02532
0.0107
-0.00579
-0.0242
-0.03723
-0.03616
-0.0208
0.00365
0.02846
0.04743
0.05847
0.06269
0.06266
0.05731
0.04511
0.0272
0.00664
-0.01238
-0.02746
-0.03964
-0.0529
-0.06301
-0.06592
-0.07137
-0.07865
-0.07582
-0.06415
-0.05375
-0.04743
-0.04429
-0.04709
-0.05644
-0.06994
-0.08486
-0.09858
-0.10189
-0.08865
-0.07103
-0.05691
-0.04384
-0.03005
-0.0142
-0.00164
0.00539
0.01321
0.02373
0.03303
0.03949
0.04204
0.03796
0.0273
0.01239
-0.0025
-0.01199
-0.01488
-0.01381
-0.00964
-0.00129
0.00973
0.02003
0.02788
0.0323
0.03207
0.02816
0.02276
0.01523
0.0035
-0.01047
-0.02184
-0.02471
-0.01811
-0.00929
-0.00378
-0.00184
-0.00363
-0.00808
-0.01051
-0.00906
-0.00593
-0.0039
-0.00434
-0.00617
-0.01032
-0.01917
-0.02753
-0.02942
-0.0266
-0.02254
-0.01943
-0.0177
-0.01582
-0.01271
-0.00974
-0.00878
-0.01047
-0.01354
-0.01588
-0.01638
-0.01524
-0.01395
-0.01346
-0.01436
-0.01589
-0.01707
-0.01829
-0.02019
-0.02313
-0.02693
-0.03064
-0.03325
-0.03531
-0.03727
-0.03746
-0.03462
-0.02952
-0.02313
-0.01784
-0.0162
-0.01596
-0.0144
-0.01154
-0.0081
-0.00538
-0.00466
-0.00711
-0.01151
-0.01538
-0.01887
-0.02307
-0.027
-0.02765
-0.02393
-0.01906
-0.01433
-0.00943
-0.00644
-0.00505
-0.00364
-0.00255
-0.00196
-0.00141
-0.00087
0.00015
0.00289
0.00521
0.00378
-0.00019
-0.00417
-0.00699
-0.00799
-0.00733
-0.00436
0.00161
0.00816
0.01279
0.01615
0.01898
0.02082
0.02194
0.02287
0.02337
0.02374
0.02431
0.02469
0.02511
0.02654
0.02922
0.03227
0.03461
0.03595
0.03724
0.03968
0.04227
0.0429
0.04176
0.04015
0.03879
0.03854
0.03904
0.03842
0.03626
0.03304
0.02912
0.02611
0.02544
0.02747
0.03084
0.0331
0.03375
0.03273
0.03129
0.0308
0.02945
0.02599
0.02125
0.01568
0.00963
0.00397
0.00009
-0.00134
-0.00122
0.00001
0.00048
-0.00179
-0.005
-0.00787
-0.01158
-0.01565
-0.01894
-0.0232
-0.02856
-0.03184
-0.0323
-0.0317
-0.03145
-0.03203
-0.03401
-0.03687
-0.03833
-0.03855
-0.03872
-0.03866
-0.03836
-0.03798
-0.03805
-0.03892
-0.04017
-0.04099
-0.04112
-0.0418
-0.04396
-0.046
-0.04694
-0.04732
-0.04699
-0.04652
-0.0468
-0.04722
-0.04747
-0.04807
-0.04865
-0.04956
-0.05148
-0.05354
-0.05503
-0.05593
-0.05595
-0.05572
-0.05568
-0.05555
-0.05563
-0.0562
-0.0568
-0.05695
-0.05682
-0.05644
-0.05581
-0.05489
-0.05369
-0.05253
-0.05155
-0.05071
-0.0504
-0.05162
-0.05396
-0.0552
-0.05427
-0.05131
-0.04682
-0.04266
-0.04014
-0.03814
-0.03595
-0.03414
-0.0327
-0.03146
-0.03094
-0.03095
-0.03024
-0.02743
-0.02215
-0.01603
-0.01204
-0.01117
-0.01168
-0.01212
-0.012
-0.01086
-0.00909
-0.00782
-0.00729
-0.00687
-0.00557
-0.00356
-0.0026
-0.00306
-0.00378
-0.00448
-0.005
-0.00479
-0.00393
-0.00329
-0.00383
-0.00589
-0.00913
-0.01291
-0.01676
-0.01989
-0.02077
-0.01861
-0.0148
-0.01143
-0.00961
-0.00961
-0.01017
-0.00962
-0.00829
-0.00802
-0.01022
-0.01372
-0.01692
-0.01952
-0.0207
-0.02097
-0.02189
-0.02347
-0.02498
-0.02599
-0.02661
-0.02739
-0.02867
-0.03026
-0.03142
-0.03204
-0.03229
-0.03166
-0.02997
-0.02763
-0.0253
-0.02312
-0.02082
-0.01857
-0.01648
-0.01418
-0.01263
-0.01362
-0.01624
-0.01828
-0.01914
-0.01853
-0.01726
-0.01783
-0.02063
-0.02342
-0.02511
-0.02585
-0.02589
-0.02599
-0.02643
-0.02671
-0.02681
-0.02717
-0.0277
-0.02845
-0.02927
-0.03
-0.03049
-0.03076
-0.03078
-0.02983
-0.02824
-0.0266
-0.02505
-0.02353
-0.02179
-0.02073
-0.02006
-0.01899
-0.01882
-0.01931
-0.01902
-0.01795
-0.01578
-0.01285
-0.01122
-0.01101
-0.01096
-0.01056
-0.00899
-0.00724
-0.00663
-0.00699
-0.00861
-0.01
-0.01025
-0.01094
-0.01193
-0.01292
-0.01443
-0.01563
-0.01569
-0.01459
-0.01245
-0.01071
-0.01089
-0.01252
-0.01474
-0.01676
-0.01813
-0.01903
-0.01875
-0.01632
-0.01216
-0.00744
-0.00341
-0.00141
-0.00164
-0.00262
-0.00351
-0.00439
-0.00435
-0.00368
-0.00372
-0.00396
-0.00364
-0.00267
-0.00108
0.00087
0.00344
0.00683
0.01041
0.01296
0.01377
0.01267
0.0105
0.00878
0.0079
0.00764
0.00736
0.00555
0.00176
-0.00253
-0.0062
-0.00919
-0.01078
-0.00945
-0.00502
0.00087
0.00623
0.00792
0.00443
-0.00148
-0.00671
-0.01005
-0.01125
-0.01036
-0.0084
-0.00686
-0.00609
-0.0064
-0.0073
-0.00812
-0.00981
-0.01225
-0.01379
-0.01384
-0.01278
-0.01065
-0.00722
-0.00377
-0.00215
-0.00235
-0.00369
-0.0062
-0.00953
-0.0124
-0.01346
-0.01258
-0.01063
-0.00862
-0.00723
-0.00616
-0.00514
-0.00498
-0.00579
-0.00754
-0.00964
-0.01053
-0.01103
-0.01243
-0.01353
-0.01322
-0.01158
-0.00942
-0.00831
-0.00923
-0.01165
-0.01456
-0.01705
-0.01842
-0.01804
-0.01588
-0.01321
-0.01071
-0.00859
-0.00891
-0.01158
-0.01432
-0.01695
-0.01886
-0.01986
-0.02088
-0.02083
-0.01934
-0.01763
-0.01559
-0.013
-0.01054
-0.00873
-0.00731
-0.00647
-0.00685
-0.00861
-0.0119
-0.01619
-0.01931
-0.0191
-0.01577
-0.01152
-0.00835
-0.00693
-0.00673
-0.00762
-0.00931
-0.01084
-0.01164
-0.01103
-0.00985
-0.00993
-0.01114
-0.01296
-0.01506
-0.0165
-0.01722
-0.01715
-0.01598
-0.0144
-0.01307
-0.01247
-0.01211
-0.01062
-0.00806
-0.00514
-0.00221
-0.00004
0.0007
0.00035
-0.00049
-0.00158
-0.00266
-0.00365
-0.0042
-0.00391
-0.00263
-0.00025
0.00284
0.00575
0.0076
0.00823
0.00845
0.009
0.0101
0.01162
0.01258
0.01226
0.01143
0.01145
0.01276
0.01497
0.01737
0.01949
0.02191
0.02419
0.02511
0.0258
0.02704
0.02772
0.02729
0.02624
0.02554
0.02629
0.02865
0.03153
0.03322
0.0325
0.02997
0.02744
0.02557
0.02446
0.02443
0.02485
0.02514
0.02546
0.02583
0.02599
0.02575
0.02456
0.02246
0.02009
0.01789
0.01647
0.01655
0.01781
0.01884
0.01866
0.01792
0.01764
0.01757
0.01758
0.01793
0.0185
0.01911
0.01921
0.01854
0.01741
0.01587
0.014
0.01207
0.00976
0.00703
0.00523
0.00488
0.00549
0.00653
0.00682
0.00595
0.00475
0.00319
0.00117
-0.00021
-0.00075
-0.00124
-0.00203
-0.00376
-0.0066
-0.0094
-0.01101
-0.01164
-0.0113
-0.00993
-0.00829
-0.00633
-0.00371
-0.0012
-0.00001
-0.00095
-0.00413
-0.00908
-0.01474
-0.01934
-0.02138
-0.02106
-0.01917
-0.01647
-0.01372
-0.01133
-0.00975
-0.00915
-0.00915
-0.00922
-0.0093
-0.00942
-0.0093
-0.00862
-0.00745
-0.00651
-0.00629
-0.00656
-0.00704
-0.0072
-0.00639
-0.00475
-0.0031
-0.00229
-0.00225
-0.00226
-0.00207
-0.00168
-0.00112
-0.00051
0.00005
0.00046
0.00088
0.0016
0.00262
0.00371
0.00462
0.00548
0.00656
0.00814
0.01009
0.01193
0.01362
0.01524
0.01657
0.0177
0.0185
0.01856
0.01836
0.0182
0.01751
0.01658
0.01642
0.01705
0.01808
0.01937
0.0205
0.02174
0.02364
0.0255
0.026
0.02468
0.02159
0.01763
0.01428
0.01239
0.01264
0.01466
0.01733
0.01971
0.02106
0.02142
0.021
0.01982
0.01788
0.01518
0.01208
0.00953
0.00837
0.00869
0.00952
0.0099
0.00994
0.00983
0.00979
0.01022
0.01062
0.01016
0.00884
0.00744
0.00647
0.00614
0.00646
0.00642
0.00534
0.00381
0.00261
0.00254
0.00345
0.00448
0.00533
0.00542
0.00462
0.00382
0.0032
0.00297
0.00358
0.00459
0.00596
0.00779
0.00943
0.01032
0.0103
0.00962
0.00922
0.00971
0.01068
0.01149
0.01203
0.01243
0.01302
0.01374
0.01427
0.01477
0.0154
0.01598
0.01649
0.01709
0.01772
0.01809
0.01815
0.01799
0.01748
0.01686
0.01665
0.01692
0.01744
0.01774
0.01727
0.01621
0.01528
0.01492
0.0152
0.01571
0.01577
0.01522
0.01459
0.01418
0.01395
0.01408
0.01413
0.01319
0.01168
0.01072
0.01054
0.01093
0.01168
0.0124
0.01263
0.01225
0.01168
0.01146
0.01133
0.01085
0.00983
0.00821
0.0065
0.00536
0.00489
0.00478
0.0049
0.00517
0.00543
0.00555
0.00552
0.00521
0.00443
0.00325
0.00198
0.00072
-0.00037
-0.00095
-0.00119
-0.00142
-0.00173
-0.00221
-0.00265
-0.00275
-0.00246
-0.00198
-0.00157
-0.00119
-0.00088
-0.00093
-0.00126
-0.0016
-0.00192
-0.00223
-0.00272
-0.00329
-0.0034
-0.00295
-0.00238
-0.00203
-0.00195
-0.00202
-0.00212
-0.00217
-0.00262
-0.00363
-0.00444
-0.00484
-0.00452
-0.0028
-0.00034
0.00165
0.00255
0.00237
0.00154
0.00054
-0.00046
-0.00137
-0.00202
-0.00204
-0.00126
0.00002
0.0012
0.00173
0.00161
0.00108
0.00028
-0.00089
-0.00226
-0.00332
-0.00386
-0.00412
-0.00445
-0.005
-0.00579
-0.00649
-0.00636
-0.00568
-0.00529
-0.00513
-0.00525
-0.0057
-0.00583
-0.00546
-0.00541
-0.00608
-0.00733
-0.00891
-0.01001
-0.01006
-0.00927
-0.00825
-0.00759
-0.00741
-0.00771
-0.00814
-0.00822
-0.00822
-0.00844
-0.00865
-0.00864
-0.00848
-0.00828
-0.00783
-0.00726
-0.007
-0.0072
-0.00772
-0.00829
-0.00867
-0.00875
-0.00868
-0.00848
-0.0079
-0.00709
-0.00656
-0.00656
-0.00717
-0.00835
-0.00947
-0.00996
-0.01023
-0.01004
-0.00875
-0.00817
-0.00927
-0.01019
-0.01043
-0.0106
-0.01078
-0.01089
-0.01135
-0.01192
-0.01136
-0.0101
-0.00897
-0.00807
-0.00818
-0.00898
-0.00938
-0.00955
-0.00973
-0.01015
-0.01095
-0.01154
-0.01157
-0.01123
-0.01044
-0.00941
-0.00875
-0.00842
-0.00815
-0.00777
-0.00714
-0.00672
-0.00678
-0.00707
-0.00742
-0.00768
-0.00744
-0.00661
-0.00585
-0.00576
-0.00625
-0.00663
-0.00637
-0.00568
-0.00513
-0.00499
-0.00484
-0.00412
-0.003
-0.00211
-0.00166
-0.00148
-0.00128
-0.00097
-0.0006
-0.00035
-0.00059
-0.00147
-0.00253
-0.00303
-0.00252
-0.00121
-0.00016
-0.00003
-0.00052
-0.00151
-0.00262
-0.00295
-0.0029
-0.00327
-0.00378
-0.00434
-0.00509
-0.00493
-0.00368
-0.00295
-0.00318
-0.00408
-0.00577
-0.00703
-0.00658
-0.00513
-0.0039
-0.0033
-0.0036
-0.00451
-0.00471
-0.00452
-0.00532
-0.00637
-0.00693
-0.0072
-0.00662
-0.00504
-0.0039
-0.00415
-0.0047
-0.00561
-0.00693
-0.00712
-0.0075
-0.00907
-0.00871
-0.00592
-0.00408
-0.00374
-0.00443
-0.00653
-0.00846
-0.00885
-0.00903
-0.00975
-0.00952
-0.00832
-0.00756
-0.00762
-0.0077
-0.00826
-0.01028
-0.0113
-0.01056
-0.01024
-0.00961
-0.00754
-0.00729
-0.0088
-0.00897
-0.01059
-0.01196
-0.0097
-0.00952
-0.01084
-0.00817
-0.00716
-0.01005
-0.00881
-0.00493
-0.00661
-0.00951
-0.00802
-0.00871
-0.01211
-0.01051
-0.00614
-0.0025
0.00503
0.01286
0.01291
0.00785
0.00186
-0.00417
-0.00884
-0.01194
-0.01135
-0.00795
-0.00744
-0.01045
-0.01281
-0.01265
-0.01032
-0.00715
-0.00625
-0.00673
-0.00609
-0.00618
-0.00839
-0.01029
-0.00999
-0.00875
-0.0073
-0.00726
-0.00967
-0.01111
-0.01126
-0.01058
-0.00789
-0.00458
-0.00191
0.00111
0.005
0.00946
0.01282
0.01281
0.00888
0.00094
-0.00564
-0.00555
-0.00212
0.00364
0.01133
0.01418
0.00831
-0.00173
-0.01037
-0.01404
-0.01083
-0.00355
0.00259
0.00533
0.00491
0.0026
0.00102
0.00038
-0.00005
-0.00013
-0.00154
-0.0055
-0.0109
-0.01552
-0.01633
-0.01215
-0.00483
0.00362
0.00866
0.00889
0.00748
0.00597
0.00357
-0.00216
-0.00985
-0.01441
-0.0109
0.0007
0.01337
0.02121
0.02184
0.01392
0.00145
-0.00818
-0.01325
-0.01591
-0.01457
-0.0102
-0.00781
-0.00916
-0.01063
-0.0089
-0.00506
-0.00081
0.00345
0.00629
0.00595
0.00268
-0.00164
-0.00553
-0.00925
-0.0123
-0.01395
-0.01363
-0.01078
-0.0057
0.00115
0.00757
0.01071
0.01054
0.00869
0.00588
0.00227
-0.00063
-0.0017
-0.00137
-0.00001
0.00086
0.0005
-0.00037
-0.00179
-0.00343
-0.00443
-0.0044
-0.0033
-0.00153
0.0003
0.00148
0.00144
0.00074
-0.00006
-0.00112
-0.00256
-0.0041
-0.00538
-0.0059
-0.00476
-0.00185
0.00211
0.006
0.00857
0.00999
0.01056
0.00994
0.00886
0.00767
0.00673
0.00658
0.00668
0.00682
0.00701
0.00703
0.00705
0.00716
0.00723
0.00745
0.00823
0.00931
0.00997
0.00976
0.00889
0.00772
0.00616
0.00437
0.00322
0.00335
0.00434
0.00552
0.00697
0.00853
0.00928
0.00921
0.00888
0.0082
0.00726
0.00667
0.00644
0.00631
0.00626
0.00597
0.00529
0.00451
0.00402
0.00379
0.00359
0.00317
0.00238
0.0014
0.00055
0.00032
0.00123
0.00314
0.00535
0.00732
0.00854
0.00885
0.0088
0.00891
0.00895
0.00874
0.00857
0.0082
0.0072
0.00578
0.00388
0.0015
-0.00054
-0.00185
-0.00269
-0.00284
-0.00208
-0.00076
0.0005
0.00087
0.00036
-0.00008
-0.00061
-0.00175
-0.00272
-0.00315
-0.00354
-0.00371
-0.00337
-0.003
-0.00276
-0.00238
-0.00182
-0.00112
-0.00051
-0.00059
-0.00154
-0.00279
-0.00363
-0.00352
-0.00244
-0.00102
0
0.00051
0.00075
0.00041
-0.00064
-0.00168
-0.00239
-0.00286
-0.003
-0.00314
-0.00349
-0.00378
-0.00386
-0.00367
-0.00314
-0.00264
-0.00249
-0.00249
-0.00229
-0.00167
-0.00058
0.0006
0.00145
0.00173
0.00131
0.00041
-0.00065
-0.00156
-0.00176
-0.00097
0.00031
0.00137
0.00173
0.00153
0.00147
0.00148
0.00097
-0.00012
-0.00152
-0.00254
-0.00224
-0.00124
-0.00064
-0.00082
-0.00165
-0.00202
-0.00139
-0.00058
-0.00005
0.00023
0.00077
0.00155
0.00169
0.00143
0.00115
0.0009
0.001
0.00137
0.00184
0.00248
0.0034
0.00467
0.0059
0.00654
0.00631
0.00538
0.00419
0.00327
0.00288
0.00286
0.00291
0.00268
0.00213
0.00145
0.00067
0.00007
-0.00007
0.00015
0.00052
0.0007
0.00036
-0.0002
-0.00053
-0.00072
-0.00097
-0.00129
-0.00158
-0.00138
-0.00038
0.00074
0.00153
0.00221
0.00264
0.00252
0.002
0.0015
0.00148
0.00205
0.00261
0.00265
0.0025
0.00235
0.00212
0.00186
0.00169
0.00196
0.00269
0.00314
0.00293
0.00224
0.00169
0.00158
0.00208
0.0034
0.00465
0.00511
0.00537
0.00574
0.00608
0.00668
0.00718
0.00691
0.0061
0.0051
0.00426
0.00379
0.00345
0.00351
0.00408
0.00468
0.00532
0.00565
0.0053
0.00469
0.00406
0.00359
0.00349
0.00328
0.00259
0.00165
0.00063
-0.0003
-0.00097
-0.00138
-0.0014
-0.00083
-0.00006
0.00019
0.00009
0.00002
-0.00018
-0.0004
-0.00075
-0.00154
-0.00221
-0.0023
-0.0019
-0.00114
-0.00044
-0.00019
-0.00037
-0.00069



