"M7_rock_FN_29.acc - 28.825"
5765 0.005
0
-4.24424e-05
-8.47408e-05
-0.0001269709
-0.0001692172
-0.0002114864
-0.0002539738
-0.0002969743
-0.0003404272
-0.0003844496
-0.0004296905
-0.0004768839
-0.0005265703
-0.000578304
-0.0006315048
-0.0006862789
-0.0007427301
-0.0008009619
-0.0008610773
-0.0009224238
-0.0009828102
-0.0010420389
-0.0011021508
-0.0011639299
-0.0012274445
-0.0012927616
-0.0013577495
-0.0014183932
-0.0014727128
-0.0015210059
-0.001566722
-0.0016102197
-0.0016459197
-0.001675544
-0.0017047492
-0.0017340533
-0.0017599424
-0.0017750749
-0.0017800785
-0.0017817291
-0.0017818345
-0.0017803688
-0.001777305
-0.001772616
-0.0017662789
-0.0017664597
-0.0017797251
-0.0017983647
-0.0018162689
-0.0018334332
-0.0018613104
-0.0019103503
-0.0019670076
-0.0020345355
-0.002145646
-0.0022941123
-0.0024531607
-0.0026337613
-0.0028442382
-0.0030688316
-0.0032980871
-0.003531902
-0.0037665047
-0.0039925304
-0.0041930468
-0.0043696088
-0.0045421381
-0.0047178082
-0.0048966414
-0.0050786593
-0.005263882
-0.0054523325
-0.0056440255
-0.0058487911
-0.0061206307
-0.0064800912
-0.006877597
-0.0072873136
-0.0077126784
-0.0081843762
-0.0087053526
-0.0092142403
-0.0096964858
-0.0101816614
-0.0106075653
-0.0109151906
-0.0111388826
-0.0113015252
-0.0114008967
-0.0113954554
-0.0112606895
-0.0110722701
-0.0108428683
-0.0104863489
-0.0100334543
-0.0095656334
-0.0090981366
-0.0086325557
-0.0081646898
-0.0077283284
-0.0073660259
-0.007042515
-0.0067353353
-0.0064937583
-0.0063102095
-0.0061311571
-0.0059404287
-0.0057545903
-0.0056268727
-0.005594969
-0.0056611884
-0.0057807791
-0.0059291681
-0.0062072109
-0.006635798
-0.0071061508
-0.0076760711
-0.0084528417
-0.0093232987
-0.0101805447
-0.0110367166
-0.011898359
-0.0127601561
-0.0135553975
-0.0142475774
-0.0149026948
-0.0155137376
-0.0160102241
-0.0164396851
-0.0168519854
-0.017181196
-0.0174211586
-0.0176372256
-0.0178618784
-0.0180852774
-0.0182305531
-0.0182406106
-0.0181211389
-0.0179280069
-0.0177258614
-0.0175330844
-0.0173190011
-0.0169996659
-0.0165795859
-0.0161263212
-0.0156645428
-0.0152021614
-0.0147391986
-0.0142756636
-0.0138116075
-0.0134373841
-0.0132482202
-0.013256729
-0.0134095495
-0.0136044109
-0.0138871922
-0.0143342259
-0.0148585195
-0.0154353588
-0.0161645005
-0.0169204627
-0.0175204552
-0.0181409616
-0.0189228361
-0.0197635725
-0.0205266942
-0.0211117447
-0.0215972722
-0.0220835692
-0.0225705534
-0.0229850001
-0.023216373
-0.0233349323
-0.0234511574
-0.0235679624
-0.0236853476
-0.0238032779
-0.0239012973
-0.0239376057
-0.0238151171
-0.0235174255
-0.0231622596
-0.0229057637
-0.0228541431
-0.0229093886
-0.0229650302
-0.0230211083
-0.0231778002
-0.0235718148
-0.024228459
-0.0250973992
-0.0260649219
-0.0271403077
-0.0284525108
-0.030034819
-0.0318439674
-0.0337619135
-0.0357780503
-0.0380251226
-0.0404310566
-0.0428492639
-0.04526195
-0.0476689421
-0.0500701158
-0.0525862487
-0.0553538441
-0.0582647271
-0.0612471379
-0.0644272929
-0.0677979389
-0.0712451575
-0.0747089418
-0.0781664645
-0.0816316708
-0.0850121358
-0.0881486652
-0.0911215885
-0.0940317815
-0.0967108229
-0.0990434112
-0.1010584658
-0.1027558507
-0.1041206824
-0.1051508591
-0.1057810419
-0.1058751452
-0.1053388695
-0.1041596406
-0.1025147188
-0.1004968377
-0.0979220726
-0.0947021187
-0.0908684282
-0.0864309391
-0.0814358205
-0.0760253114
-0.0702962975
-0.0642496718
-0.0580486656
-0.0518638057
-0.0456912544
-0.039615341
-0.0338116014
-0.0282222351
-0.0227381656
-0.0176583669
-0.0131014973
-0.0087424728
-0.0046597332
-0.0011644162
0.0018348834
0.0043631222
0.0060943489
0.0069446695
0.0070818392
0.0065428483
0.0052635833
0.0030819397
-1.07741e-05
-0.0038442779
-0.0083506947
-0.0135227282
-0.0193402188
-0.025786766
-0.0328586117
-0.0404249176
-0.0483561236
-0.0567934815
-0.065716499
-0.0747684371
-0.0838830712
-0.0932074642
-0.1024753896
-0.1114532565
-0.1202778923
-0.1288268442
-0.1367960087
-0.1438905949
-0.1499678711
-0.1552181556
-0.1597683236
-0.1636061467
-0.166744949
-0.1691664219
-0.1706904453
-0.1711769074
-0.1706337983
-0.1690969731
-0.166603512
-0.1631334595
-0.1587406338
-0.1536026708
-0.1479353765
-0.1418872452
-0.1353302029
-0.1281629481
-0.1205439841
-0.1126998158
-0.1048192332
-0.0969649593
-0.0891799909
-0.081617267
-0.0742855885
-0.0670133942
-0.0600492577
-0.0536793669
-0.0475969096
-0.0417004533
-0.0363286689
-0.0313682539
-0.0265170903
-0.0220512934
-0.0182013901
-0.0148092355
-0.0118959477
-0.0096115915
-0.0080087394
-0.0070980254
-0.0068738642
-0.0073307035
-0.0084630276
-0.010297569
-0.0128077612
-0.0157857046
-0.0189808028
-0.0222212179
-0.0253138652
-0.0281490201
-0.0308488425
-0.0336091525
-0.036599322
-0.0397673153
-0.0429798175
-0.0465594013
-0.0506737948
-0.054961636
-0.0593348182
-0.0639578833
-0.0687060412
-0.073356032
-0.077738501
-0.081742231
-0.0853701247
-0.0884481431
-0.0907508413
-0.0921044506
-0.0924944793
-0.0921154351
-0.0907461678
-0.0881030383
-0.0845227365
-0.080239807
-0.0750900311
-0.0691261689
-0.0625249247
-0.0553278833
-0.0476014568
-0.0395034222
-0.0311526287
-0.0225867945
-0.0139543012
-0.0054557409
0.0027061444
0.0105126698
0.0181532068
0.0255396918
0.0325408767
0.0393016404
0.0459400553
0.0524568265
0.0587362189
0.0646408931
0.0701369086
0.0750622872
0.079098272
0.0820927296
0.0840584772
0.0848542651
0.0844015096
0.0828468318
0.0803060631
0.0768208678
0.072579421
0.0678048922
0.0626549564
0.0572493096
0.0516069869
0.0458776221
0.0402190254
0.0346598149
0.0291944328
0.0237887033
0.0184549031
0.0131987358
0.007838218
0.0021455498
-0.0040295158
-0.0105334568
-0.0170787204
-0.0239147701
-0.0313467415
-0.039386174
-0.047807008
-0.056266014
-0.0648218039
-0.0735981846
-0.0824420132
-0.0911321225
-0.099482711
-0.1074215877
-0.1149881833
-0.1223553135
-0.1296492525
-0.1368534506
-0.1436929289
-0.1498973014
-0.1557893558
-0.1616800923
-0.1675356305
-0.1732479133
-0.1786973885
-0.1838389218
-0.1886589584
-0.1931599087
-0.1971284928
-0.2002457693
-0.2025765185
-0.2042922223
-0.2053854469
-0.205759145
-0.2052659053
-0.2038344907
-0.2014864687
-0.1983808119
-0.194559987
-0.1898598621
-0.1841902359
-0.1775628516
-0.1701526237
-0.1621953967
-0.1538825853
-0.1451872553
-0.1359260069
-0.1260540041
-0.1156296782
-0.1048110939
-0.0936908002
-0.0822548187
-0.070679723
-0.0591492381
-0.0476540332
-0.0363673766
-0.0256110827
-0.0153840471
-0.0055609507
0.0037094202
0.0122931123
0.0201954052
0.0274081206
0.033901662
0.0395081661
0.0440898001
0.0476715613
0.0501487275
0.0513648126
0.0514525776
0.0505808972
0.048740696
0.0458305438
0.0417061091
0.0366125948
0.0308642337
0.0244827853
0.0176454071
0.010662387
0.0036698182
-0.0033349295
-0.0103682909
-0.0173458531
-0.0240642811
-0.0304329057
-0.0364854593
-0.0423811591
-0.0481783838
-0.0536740923
-0.0587604102
-0.0634568157
-0.0677376268
-0.0715292403
-0.07469903
-0.0771381426
-0.0788189308
-0.079925086
-0.0806197708
-0.0807329207
-0.0801366173
-0.0788533887
-0.0767512351
-0.0736995607
-0.0698849814
-0.0656278272
-0.0612382069
-0.0568805957
-0.0525684773
-0.0484717581
-0.0448832373
-0.0421557176
-0.0405009186
-0.0399101919
-0.0405282739
-0.042456554
-0.0455478417
-0.0495731575
-0.0543212638
-0.0597383952
-0.0658063041
-0.0723185017
-0.0789592314
-0.0854376352
-0.0916056815
-0.0974239351
-0.102722215
-0.107290069
-0.1109800965
-0.1138193754
-0.1159408282
-0.1172295592
-0.1176066451
-0.1172326904
-0.1160825456
-0.1139758377
-0.1110285459
-0.1074673843
-0.103469696
-0.0991490936
-0.0944915018
-0.0895083367
-0.0842554971
-0.0789069855
-0.0736683636
-0.0686753172
-0.0640053062
-0.0597158372
-0.0561302481
-0.0535302781
-0.0519246733
-0.0511627087
-0.0510340628
-0.0514821235
-0.0524530143
-0.0538060107
-0.0554283204
-0.0572841835
-0.0594094931
-0.0618429023
-0.0645495519
-0.0674130286
-0.0702787621
-0.0730683512
-0.0757996343
-0.0786412719
-0.0817281437
-0.0850580808
-0.0884906448
-0.0918569854
-0.0951426047
-0.0982902065
-0.1011307109
-0.1033442276
-0.1046301167
-0.104931053
-0.1042710838
-0.1026580057
-0.1001105213
-0.0966531671
-0.0926419918
-0.0884381214
-0.0840574671
-0.0796967406
-0.0756958587
-0.0721821505
-0.0691699166
-0.0668400589
-0.0654062921
-0.0649977769
-0.0656752936
-0.067410011
-0.0700064156
-0.0731499836
-0.0764962225
-0.0800649153
-0.0841559351
-0.0886804264
-0.0934070296
-0.0981471444
-0.102786845
-0.1073435526
-0.1116468413
-0.1154730619
-0.1186628063
-0.1212974183
-0.1237211898
-0.125775699
-0.1271101663
-0.1276997215
-0.127556142
-0.1266685938
-0.1250608083
-0.1227850068
-0.1199902817
-0.1166069826
-0.1121467155
-0.1065513225
-0.1001510204
-0.0928770694
-0.0845200153
-0.0749357733
-0.064233202
-0.0527449134
-0.0407726285
-0.0284215251
-0.0153505908
-0.0015742388
0.0123913487
0.0263132536
0.0401913838
0.0540255932
0.0676491316
0.0807064501
0.0930116249
0.1045417289
0.1149456246
0.1239699105
0.1317955524
0.1384181796
0.1436773613
0.1475318865
0.149992995
0.1510718932
0.1507797035
0.1491275412
0.146283019
0.142379524
0.1372357104
0.1308131668
0.1233260841
0.1149928802
0.105986949
0.0965394946
0.0867355824
0.0763748455
0.0656351141
0.0548910141
0.0441988563
0.0335272371
0.0228763645
0.0123621132
0.0021537682
-0.0075286247
-0.0165740382
-0.0251719137
-0.0332431793
-0.0404350558
-0.0466118953
-0.0517418152
-0.0556462309
-0.0580908934
-0.0589007639
-0.0579856246
-0.0553427109
-0.050983153
-0.0448460631
-0.036776112
-0.0269482478
-0.0157086776
-0.0030018622
0.0113048567
0.027197959
0.0444372229
0.0626712494
0.0817455058
0.1015807247
0.1220327118
0.14298783
0.1644245182
0.1860421947
0.2074474973
0.2282670147
0.2482330429
0.2673517115
0.2853661633
0.3019003314
0.3163950613
0.3284250813
0.338026887
0.3452047893
0.3499377539
0.3520663229
0.3514600708
0.3481747412
0.342354218
0.3341723693
0.3235544287
0.3105035156
0.2955438116
0.2788698297
0.2601560554
0.2397385777
0.2181870441
0.1957277072
0.1725013565
0.1485317507
0.1241064652
0.0995862192
0.0751938356
0.0511431662
0.0276189275
0.0048253668
-0.0171016693
-0.0379602291
-0.0575418189
-0.0757027121
-0.0920466147
-0.1061114229
-0.1177597452
-0.1269370186
-0.1333068933
-0.1363491871
-0.1355977887
-0.1313234893
-0.1240814325
-0.1139660005
-0.101164202
-0.0860382543
-0.0689179019
-0.0500215477
-0.0297406066
-0.008531255
0.0132583142
0.0351902653
0.0569399359
0.0784301846
0.0996298051
0.1203872403
0.1406118286
0.1603239003
0.1793587548
0.1975018225
0.2146108137
0.2304968731
0.2449994539
0.2581831315
0.2701648105
0.2806864105
0.289500621
0.2965874871
0.3019688127
0.3057054286
0.307988165
0.3087940333
0.3076416482
0.3045986833
0.3001902436
0.2938863949
0.2851681451
0.2745824518
0.262499293
0.2489143076
0.2339901422
0.2179042772
0.2006634883
0.1825369586
0.1640424124
0.1454211637
0.1267472999
0.1085153445
0.0911504201
0.0746628159
0.0591589167
0.0447903859
0.031921381
0.0207874801
0.0111881071
0.0029827947
-0.003856278
-0.0093618711
-0.0136113073
-0.0167848894
-0.019011253
-0.020297958
-0.0206525814
-0.0201154095
-0.0188469664
-0.0169736341
-0.0145003552
-0.011572738
-0.0083417503
-0.0046692652
-0.0004043405
0.0044647904
0.0098028766
0.0154192266
0.021264143
0.0272622111
0.033208384
0.0389951436
0.044657097
0.0498750601
0.0544080227
0.0585924965
0.0624760636
0.0657211274
0.0685113089
0.0712408664
0.0741182036
0.0772864588
0.0807599259
0.0845442968
0.0886368845
0.0930350801
0.0978232354
0.1032016013
0.1092571994
0.1159383858
0.122924298
0.1300421463
0.1376475246
0.1457467729
0.1539955983
0.1621437316
0.1700553811
0.1777267821
0.1851403667
0.1922642652
0.1987868195
0.2044047244
0.2092545048
0.2134637376
0.2170038209
0.2197135472
0.2214292144
0.2222747769
0.2223940063
0.2217927702
0.220464786
0.2184037216
0.2157810212
0.2127722524
0.2093973933
0.205768859
0.202041972
0.1982886314
0.1945690566
0.1910540479
0.1878782733
0.1850558757
0.1827534224
0.1811505385
0.1802496773
0.1800313237
0.1804899224
0.1816199696
0.1834016383
0.1856762495
0.1881512957
0.1904514442
0.1923541024
0.1938601523
0.1948026323
0.1950130702
0.1944806268
0.1933275883
0.1917625368
0.1898490973
0.1876222737
0.1852872151
0.1830832813
0.1811626934
0.1798829708
0.1795242446
0.1797886329
0.1805602431
0.1822084868
0.1845045406
0.1869010097
0.1892907965
0.1916892798
0.194096303
0.1965116934
0.1989352867
0.2013669242
0.2037961374
0.2061892702
0.2085232589
0.2107985253
0.2131565283
0.2156762122
0.2180450237
0.2201051338
0.2220290287
0.2238969393
0.2257117039
0.2274904627
0.2292477581
0.2309836619
0.2326855223
0.2343173594
0.2355858217
0.2363382163
0.2368852202
0.2373160228
0.2374782724
0.2371738756
0.2362985018
0.2350080675
0.2333321559
0.2311375674
0.2286825498
0.2262763357
0.2237969411
0.2212131103
0.2186957369
0.2161851906
0.2135342908
0.2108849255
0.2082946978
0.2055595268
0.2024397574
0.1987668591
0.1944688223
0.189574327
0.1842415892
0.1784364213
0.1719593706
0.1650958211
0.1581438496
0.1508934268
0.1433982184
0.1360172568
0.129064108
0.122756235
0.1172785785
0.1127604637
0.1091942488
0.1068354191
0.1060014227
0.1067737312
0.1090889831
0.1127477591
0.1176198561
0.1236723701
0.1307376933
0.1385481495
0.1467741335
0.1550898938
0.1633244725
0.1712883068
0.1788060604
0.1857223871
0.1919296506
0.197433428
0.2022687287
0.206471189
0.2100330331
0.2130379205
0.2156770128
0.2179250026
0.2196646154
0.2211759188
0.2226707995
0.2239960122
0.2250388877
0.2257731438
0.2263787701
0.2269760791
0.2273782511
0.2275820598
0.2277759018
0.2282039297
0.2290034884
0.2299945954
0.2311316046
0.2325832568
0.2343033138
0.2361739419
0.2382953767
0.2406906772
0.2432043387
0.2458763361
0.2488568593
0.2521590948
0.2556970705
0.259298706
0.262861414
0.2663828625
0.2696763145
0.2724557036
0.2744018864
0.2752808741
0.2750677089
0.2737586739
0.2713217944
0.2675962649
0.2625473753
0.25633916
0.249064902
0.2407502492
0.2314063704
0.2211849419
0.2103999119
0.1993770051
0.1883506192
0.1777241923
0.1677504844
0.1582375986
0.14906766
0.1402382466
0.1319338292
0.1242796668
0.1170838498
0.1103282016
0.1041961404
0.0987549206
0.0939643144
0.0896659684
0.0857466095
0.0822201011
0.0790911426
0.0763840745
0.0742824486
0.0729330768
0.0723130232
0.0724200287
0.0732524749
0.0746215769
0.0764059802
0.0787555283
0.081634341
0.0848513427
0.0885118303
0.0926771595
0.0969883636
0.1010901308
0.1048140785
0.1079714168
0.1103974931
0.1119322097
0.112648037
0.1129083519
0.1127610905
0.1120813487
0.1110338445
0.1097907193
0.1083703573
0.1068981205
0.1055267214
0.1042773337
0.1031883575
0.1024117466
0.1019183072
0.1015189832
0.101150846
0.100804238
0.1004453962
0.1000601456
0.0996654377
0.0991163069
0.0982100347
0.0967614139
0.094621909
0.0917636659
0.0884801542
0.0851033925
0.0813300339
0.0769075418
0.0720114057
0.0666181353
0.0605763815
0.0542033678
0.0478383736
0.0414646893
0.0353049887
0.0297143689
0.0246325227
0.0198643114
0.0153831667
0.0112817633
0.0077439743
0.004994681
0.0031338588
0.0018345425
0.0008159368
7.59059e-05
-0.0002382744
3.66875e-05
0.000746409
0.0016641435
0.0026517873
0.0037512739
0.0051270361
0.006654202
0.0082229011
0.0100027985
0.011985646
0.0139830813
0.0162657726
0.0191447216
0.0224638684
0.0261880458
0.030483842
0.0354211741
0.04099759
0.0472245249
0.0540286664
0.0612351019
0.0687520163
0.0765782442
0.084727764
0.0931448216
0.1016569053
0.1100527034
0.1181771207
0.1258003139
0.1326928473
0.138707156
0.1437354824
0.14776894
0.1508091631
0.1529049002
0.1542337502
0.1549217794
0.1549573734
0.1543238668
0.153064408
0.1515218114
0.1499759328
0.1484099631
0.1468281774
0.1452448084
0.1436301263
0.1419600457
0.1402518732
0.138634223
0.1372762922
0.1360747506
0.1348804164
0.1337100766
0.1325648627
0.131427816
0.1302924063
0.1292010592
0.128340292
0.1278435987
0.1276912527
0.1280014439
0.1289260157
0.1305011539
0.1326510716
0.1351842672
0.1381121054
0.1415627859
0.145245206
0.1488559244
0.1523954797
0.1558528597
0.1592118236
0.1624676606
0.1655261332
0.1680654456
0.1699635875
0.1713956334
0.1722789554
0.1724516581
0.1719204346
0.1707041136
0.1688083278
0.1663931982
0.1636292063
0.1603982422
0.1567065009
0.1528642587
0.1488152494
0.1442722521
0.1394853159
0.1347010099
0.1297493913
0.1246479188
0.1195846859
0.1146053679
0.1096926554
0.1048457102
0.100074008
0.0953938614
0.0908116029
0.0863198439
0.0818844023
0.077495134
0.0731854141
0.0690959728
0.0653762853
0.0620352157
0.0590621989
0.0564711353
0.0543811298
0.0529269597
0.051787276
0.0506763062
0.0497639764
0.0490594165
0.0484078062
0.0479028755
0.0476511582
0.0474866439
0.0473912705
0.0475512363
0.0480145033
0.0487195267
0.0495238067
0.0504752455
0.0518958137
0.0536730338
0.0554622436
0.0571786313
0.0588077309
0.0603501949
0.0618066447
0.0631781767
0.0644822196
0.065729996
0.0669050752
0.0678004894
0.0681122245
0.0680569005
0.0678952195
0.0673227507
0.0662923532
0.0651477205
0.0637442862
0.0618063322
0.0596499938
0.0574900711
0.0551566201
0.0526834271
0.0502407772
0.0480312167
0.0462136788
0.0448017664
0.0437904433
0.0431571655
0.0427070613
0.0423197269
0.0421982896
0.0423511948
0.0425726172
0.042627287
0.0423835062
0.0419856642
0.0413744536
0.0402284597
0.0386960595
0.0370630716
0.0350231449
0.0324468442
0.02969544
0.0268289296
0.02369068
0.0203978289
0.0170990768
0.0138113209
0.0105448804
0.0072996588
0.0040420008
0.0007959089
-0.0022517778
-0.0050878535
-0.0079006745
-0.0105905212
-0.01296782
-0.0150033413
-0.0167686246
-0.0184189958
-0.0198979494
-0.0210536836
-0.0218643323
-0.0223945939
-0.0227831496
-0.0230018709
-0.0229168552
-0.0225146733
-0.0217500343
-0.0204559164
-0.0187730455
-0.0170612403
-0.0150825497
-0.0125825448
-0.0099009429
-0.0070751016
-0.0037664252
-0.0001516279
0.0034305035
0.0069652481
0.0102977918
0.0131064996
0.0153811522
0.0172709708
0.0186215535
0.0193651362
0.0197101665
0.0196215957
0.0189085276
0.0176946927
0.0162123314
0.0146504219
0.0131178993
0.0115977476
0.0100843343
0.0085776432
0.007077662
0.0055942445
0.0041440362
0.0025667513
0.0007142143
-0.0012443068
-0.0032448135
-0.0054569462
-0.0079627128
-0.010739169
-0.0136139564
-0.0165165087
-0.0196333141
-0.0229447441
-0.0262798376
-0.0296098315
-0.032885915
-0.0359216364
-0.0387300427
-0.0415164274
-0.044367472
-0.0472494655
-0.0499758959
-0.0525086419
-0.0550191688
-0.0574302881
-0.0596014861
-0.061667581
-0.0637621538
-0.0659016359
-0.0679579909
-0.0697764863
-0.0714615637
-0.0731499291
-0.0748750345
-0.0766320215
-0.0783879173
-0.0801668803
-0.0819445721
-0.0835508874
-0.0848524225
-0.0858180717
-0.0864543479
-0.0867806771
-0.0868004772
-0.0866020902
-0.086340532
-0.0862311044
-0.0864395624
-0.0869691607
-0.0878114794
-0.0889807677
-0.0906036887
-0.0928281025
-0.0956648949
-0.0991551436
-0.103446658
-0.1085163232
-0.1142040272
-0.1204260773
-0.1271501939
-0.1343889111
-0.1420425777
-0.1499376463
-0.1581829519
-0.1668763224
-0.1756693044
-0.1842990398
-0.1927834047
-0.201145232
-0.2093447915
-0.217028585
-0.2239167937
-0.2300492564
-0.2353311185
-0.2396159367
-0.2428769922
-0.2452077799
-0.24683605
-0.2476548391
-0.2473141093
-0.2460709988
-0.2442319216
-0.2416148787
-0.2382115948
-0.2342153477
-0.2298287869
-0.2251605509
-0.2200874839
-0.2146712046
-0.2092210393
-0.2037373486
-0.1981031322
-0.1926496253
-0.1877416238
-0.1835112826
-0.1801570973
-0.1778533624
-0.1768024712
-0.17721015
-0.1792177542
-0.182908139
-0.1882674569
-0.1950976613
-0.2031499981
-0.2122417479
-0.2222341121
-0.2331026697
-0.2445094483
-0.2560895565
-0.2677911871
-0.279422788
-0.290644496
-0.3011555773
-0.3107938091
-0.319553256
-0.32747005
-0.3345842582
-0.3406543263
-0.3453418249
-0.3487543945
-0.3509684506
-0.3516871649
-0.3508288815
-0.3485595693
-0.3451072749
-0.3406086168
-0.3349234518
-0.3280412986
-0.3201252773
-0.3112322804
-0.301391133
-0.2907948652
-0.2795129861
-0.2673814414
-0.2544620931
-0.2409520738
-0.2270583694
-0.2129340243
-0.1985813328
-0.1841520698
-0.169849448
-0.155693522
-0.1417161624
-0.1281032844
-0.115185651
-0.1032812067
-0.0926573017
-0.0835192241
-0.0760320802
-0.070200111
-0.0658232362
-0.0628102167
-0.0611819831
-0.0610974277
-0.0625982444
-0.065501446
-0.0694508309
-0.0740928935
-0.0791536464
-0.0844617024
-0.090048504
-0.0958087382
-0.1015754476
-0.107470966
-0.1136026731
-0.1197983555
-0.1259548121
-0.1320889928
-0.1383520425
-0.1448612193
-0.1514859444
-0.158018542
-0.1642728361
-0.1703307812
-0.176377554
-0.1824210548
-0.18845533
-0.1944969968
-0.2004206653
-0.2060555803
-0.2113508952
-0.2162872218
-0.2208505236
-0.2250335884
-0.2288416656
-0.2324477578
-0.2359611075
-0.239195482
-0.2421327627
-0.2449452715
-0.2478717737
-0.2510529826
-0.2543122417
-0.2575161513
-0.2606818997
-0.2639624409
-0.2675020736
-0.2711701342
-0.2748368695
-0.2785021486
-0.2820212621
-0.285209899
-0.2880451452
-0.2906109883
-0.2930795186
-0.2954259566
-0.297464498
-0.2993440676
-0.3012171013
-0.3029134419
-0.3042226179
-0.3049945632
-0.3053154862
-0.3053035419
-0.3048035229
-0.303778789
-0.3024036152
-0.3006030579
-0.2982438731
-0.2956410083
-0.2930016273
-0.2901392495
-0.2870575427
-0.2838947411
-0.2806842779
-0.2774901723
-0.2744823843
-0.2716388086
-0.2687714322
-0.2658373988
-0.262854109
-0.2598222455
-0.2567423169
-0.2536147019
-0.2501313567
-0.246028144
-0.2416187311
-0.2370931784
-0.2322993152
-0.2273066519
-0.2222846322
-0.217246256
-0.2122521461
-0.2074721005
-0.2028726011
-0.1982914822
-0.1938558378
-0.1897254344
-0.1858978853
-0.1823708511
-0.1791419753
-0.1761926091
-0.1735085101
-0.1711039765
-0.1690886821
-0.1676295141
-0.1668072225
-0.1666266991
-0.167050919
-0.1680821839
-0.1697827272
-0.1721801449
-0.1752502126
-0.1788340707
-0.1828653467
-0.1875103131
-0.1927610548
-0.1984678486
-0.2043868007
-0.2103207079
-0.2162692792
-0.2222211945
-0.2281594134
-0.2339308253
-0.2394288657
-0.2448194781
-0.2500327527
-0.2547300242
-0.2590550694
-0.2633051377
-0.2673660565
-0.2711986868
-0.2749747153
-0.2786443277
-0.2820583267
-0.2853716186
-0.288617835
-0.2914741283
-0.2939749595
-0.2964212032
-0.2985922081
-0.3002999929
-0.3018715792
-0.3032946733
-0.3042137339
-0.304794787
-0.3052993804
-0.3055575142
-0.3055271136
-0.3053804908
-0.3051787376
-0.3048730376
-0.3042751534
-0.3032331647
-0.3017506863
-0.2998445119
-0.2975174092
-0.294589528
-0.2910394689
-0.2872291906
-0.283146231
-0.2784697534
-0.2731099246
-0.2671867508
-0.2610618719
-0.2548623521
-0.2484021762
-0.2416297026
-0.2346461974
-0.2277948075
-0.2212306247
-0.2147647033
-0.2084427274
-0.2024195654
-0.1967322209
-0.191551083
-0.1872122074
-0.1837713503
-0.1810954296
-0.1794839539
-0.1791881165
-0.1800607017
-0.1820086512
-0.1850231269
-0.1889084443
-0.1935228772
-0.1990304405
-0.2054475348
-0.2126132872
-0.2202747608
-0.2282280538
-0.236471093
-0.2449054848
-0.2533258037
-0.2616228574
-0.2698105588
-0.2780904715
-0.2866198325
-0.2953627061
-0.3042987728
-0.3134158568
-0.3225588633
-0.3316541802
-0.3408887432
-0.3503666248
-0.3600686462
-0.3698359886
-0.3795245573
-0.3891661727
-0.3985601662
-0.4073347549
-0.41537587
-0.422686334
-0.4291047965
-0.4344871362
-0.4388080219
-0.4420875287
-0.4443630098
-0.4456147954
-0.4457545573
-0.4446379655
-0.442316422
-0.4389687312
-0.4346295347
-0.4293032453
-0.4230315805
-0.4158214116
-0.4076470941
-0.3986710987
-0.389065258
-0.3788227062
-0.3681364817
-0.357350546
-0.3469254067
-0.3371401057
-0.3276539524
-0.3183386659
-0.3095332175
-0.3014013195
-0.2939172641
-0.2869059446
-0.2802796849
-0.2741888423
-0.2687292357
-0.2639201878
-0.2599480162
-0.2569852553
-0.2550237436
-0.2540554289
-0.2540722696
-0.2550823923
-0.2571034515
-0.2601613597
-0.2642529558
-0.2693361295
-0.2752386081
-0.2817804958
-0.2889192398
-0.2966443818
-0.3049677044
-0.3138790613
-0.3233365429
-0.3331451994
-0.3431420846
-0.353342084
-0.363520079
-0.3733532251
-0.3827703938
-0.3917342651
-0.4000780704
-0.4075951136
-0.4141386312
-0.4195318824
-0.4237253843
-0.4270279665
-0.4295800239
-0.4312174562
-0.4318583989
-0.4314970063
-0.430155841
-0.4278405514
-0.4245254331
-0.4202144404
-0.4149310115
-0.4086699341
-0.401356107
-0.3928282634
-0.3831147049
-0.3723950591
-0.360710783
-0.3480588567
-0.3344643033
-0.3200532018
-0.3050027524
-0.2895407276
-0.2738896594
-0.2582665407
-0.2429100681
-0.22797176
-0.2136632715
-0.20014983
-0.1874503483
-0.1756301141
-0.1648355934
-0.1551405172
-0.1465499229
-0.1392252239
-0.1333126922
-0.1288010226
-0.1256673767
-0.1238837636
-0.1234510305
-0.1242707346
-0.1259925602
-0.1285822986
-0.1323728486
-0.1375165185
-0.1439894451
-0.1515795432
-0.1601292119
-0.1696472723
-0.1799904422
-0.1909792967
-0.2025643155
-0.2146411912
-0.2270185528
-0.2394750046
-0.2518325156
-0.2636977287
-0.2747414315
-0.2849699523
-0.2942852591
-0.3025411865
-0.3094959964
-0.3149664168
-0.318995334
-0.3216078413
-0.322798412
-0.3227260263
-0.3215344589
-0.3190785521
-0.3153233947
-0.3104496236
-0.3046886973
-0.2982406402
-0.291310613
-0.2839824436
-0.2761063338
-0.2678428195
-0.259509256
-0.2510180918
-0.2422773934
-0.2334763201
-0.2247462124
-0.2161035458
-0.2077027041
-0.1996997781
-0.1921126912
-0.1851500593
-0.1791469744
-0.1742511056
-0.1704977071
-0.168016005
-0.1669133498
-0.1671953374
-0.16885901
-0.1718706215
-0.1760322485
-0.1811700816
-0.1872759984
-0.1940925237
-0.2012813611
-0.2089355311
-0.217100404
-0.2253978258
-0.2335936379
-0.2417051563
-0.2495913523
-0.257137094
-0.2644752725
-0.2717072612
-0.2788336097
-0.2858696892
-0.2928009452
-0.2994598815
-0.305609821
-0.311051119
-0.3157131052
-0.3196137124
-0.3225618778
-0.3242566526
-0.3244016993
-0.3229282583
-0.3199777965
-0.3152938221
-0.3086945031
-0.300502169
-0.2910644768
-0.2805952805
-0.2691764561
-0.2568159951
-0.243521888
-0.2294833712
-0.2150301078
-0.20018956
-0.1848585258
-0.1691934179
-0.1534114289
-0.1376672309
-0.1222009254
-0.1071982536
-0.0925291682
-0.0781601491
-0.0643957592
-0.0513187145
-0.038789284
-0.0269000062
-0.0157805892
-0.0054250731
0.0040657762
0.0125286733
0.0200826823
0.0268807574
0.0327711645
0.0377250184
0.0419197276
0.045293184
0.0477092518
0.0493207499
0.0504199918
0.0513174515
0.051927895
0.0519441365
0.0514679899
0.050725585
0.0498891219
0.0491698818
0.0487200539
0.0484310908
0.0483052419
0.0488513722
0.0503232246
0.0525599842
0.0554961961
0.0591260997
0.0634440054
0.0683534535
0.0736795433
0.0794682893
0.0858189058
0.092410919
0.0990294264
0.1058440544
0.1128164979
0.1197741891
0.1266594919
0.1334633908
0.1402030827
0.1467508049
0.1529044488
0.1588029408
0.1644968078
0.1694632247
0.1734482233
0.1766463778
0.1788300052
0.1797038033
0.1794168179
0.1781296191
0.1758838583
0.1725488475
0.1679717657
0.1623174078
0.1558313161
0.1486904483
0.1411099568
0.1332477053
0.1251618066
0.116796805
0.1079516468
0.0987383981
0.0895170441
0.0802247965
0.0707711953
0.0614930517
0.0526338367
0.0441904392
0.0363117625
0.0291634022
0.0227577968
0.0170976977
0.012194067
0.0080355285
0.0045993341
0.0018766274
-0.0001965058
-0.0017616852
-0.0028009361
-0.0031944408
-0.0032177332
-0.0031261984
-0.0028010248
-0.0021550544
-0.0011741361
-1.85154e-05
0.0011858861
0.0026019273
0.0042452159
0.005927071
0.0075823281
0.0091930294
0.0105746364
0.0116693811
0.0126663547
0.0135247745
0.01407759
0.0143101186
0.0143033394
0.0142124696
0.0142383992
0.0145292267
0.0149723545
0.0154742612
0.0162045375
0.0172637881
0.0186324703
0.0201409481
0.0216224079
0.0230848316
0.0245220046
0.0259005789
0.0273536766
0.0290830237
0.0312957985
0.0340525414
0.0371619326
0.0406578398
0.0447085725
0.0493625221
0.0546298821
0.0605054887
0.066984236
0.0740589555
0.0815712318
0.0893662158
0.0974414261
0.1056876847
0.1139334474
0.1222737811
0.1308775245
0.1397535789
0.1489086537
0.1583568925
0.16794371
0.1775082387
0.1871931127
0.1970602714
0.2069378406
0.2167608436
0.226560284
0.2363099993
0.2459263931
0.2552737874
0.2643651616
0.2733385869
0.2819129921
0.2898205562
0.2972365714
0.3042928289
0.3110087028
0.317205776
0.3226922074
0.3274908921
0.3317059938
0.3354784456
0.3385894648
0.3407544622
0.3422669013
0.3433447349
0.3438213458
0.343608656
0.3427236136
0.3413418384
0.339632231
0.3376142231
0.3352780516
0.3325928323
0.3297185696
0.3267817138
0.3236318284
0.3202445244
0.3167582463
0.3132283716
0.309691689
0.3063184299
0.3032584657
0.3005428812
0.2981711787
0.2961465718
0.2946335067
0.2937824772
0.2936048236
0.2941044706
0.2952850687
0.2973111524
0.3002753555
0.3039998785
0.3083473476
0.3132789589
0.3186457329
0.3243076123
0.3302583986
0.3363858615
0.3425015448
0.3485432171
0.3544939808
0.3601860696
0.365571737
0.3708233114
0.376025431
0.381178291
0.3862820976
0.3913442188
0.396381613
0.4015040662
0.406840209
0.4122543099
0.4175293051
0.4225129059
0.4271072318
0.4313152434
0.4349765884
0.4378802664
0.4398554674
0.4407946752
0.4407231308
0.4396413563
0.4375120251
0.4341883765
0.4295638809
0.4236659458
0.416513528
0.4081517243
0.3989140353
0.3890259303
0.3783229093
0.3669694305
0.355323174
0.3433165073
0.330895284
0.3183866442
0.3062247043
0.2947468786
0.2838933533
0.2735158446
0.2637710013
0.2548761147
0.2469945073
0.2400454826
0.2339050166
0.2288506004
0.2250611493
0.2223901542
0.2207313199
0.2200588576
0.2205277313
0.2222213472
0.2249764236
0.228692354
0.2333587153
0.2387808528
0.2447682851
0.2513162252
0.2583342795
0.2656820023
0.2733056033
0.2811617036
0.2890779933
0.2967386041
0.3038054061
0.3101289681
0.3157151108
0.3205695807
0.3245392605
0.3272911745
0.3287856198
0.3292026791
0.3285894002
0.3270264364
0.3247083189
0.3217556882
0.3181737456
0.3140012844
0.3093238378
0.3042988917
0.299035498
0.2935357523
0.2879737098
0.2824943041
0.2769250717
0.2712043563
0.2654868345
0.2598581683
0.2543546217
0.2491145511
0.2443218598
0.2401262417
0.2366194627
0.2337991169
0.2314600845
0.2294784743
0.2280383205
0.2272407833
0.2270639347
0.2276818093
0.2292197105
0.2314857452
0.2345664626
0.2388284726
0.2440875868
0.2500553155
0.2570493781
0.2650762122
0.2736171736
0.2825777686
0.2921137898
0.3020488128
0.3122030231
0.3225742959
0.3328939022
0.34280522
0.3522209389
0.3610834538
0.3692268857
0.3765480563
0.3830535296
0.388915235
0.3943079861
0.3992398303
0.4036342496
0.4073589388
0.410195829
0.4119686806
0.4126830749
0.4123694491
0.4110527951
0.4087632079
0.4054824509
0.4008647793
0.3947669903
0.3875749314
0.3793869477
0.3700475159
0.3596742053
0.3484875218
0.3366811662
0.3243714607
0.3115461973
0.298514653
0.2856971011
0.2734620172
0.2620569492
0.2514587132
0.2419534004
0.2338753978
0.2272708795
0.2221334918
0.2184346572
0.2160181083
0.2147018092
0.2144262598
0.2151750148
0.2169564607
0.2195148693
0.2224862688
0.2257338684
0.2291715094
0.2326442694
0.2360497006
0.2393881926
0.2424832136
0.2451499506
0.247381846
0.249191736
0.250599777
0.2516165477
0.252183192
0.2519463951
0.2508629091
0.2494496495
0.2477197635
0.2453671039
0.2424812998
0.2391988548
0.2355062647
0.2315408731
0.2275038635
0.2231153292
0.2181519954
0.2129588418
0.2076726957
0.2021413359
0.1964842437
0.1908932709
0.1853972651
0.1801106307
0.1752185672
0.170643065
0.1662794915
0.162625874
0.1599520577
0.1578933842
0.1563733868
0.1555395835
0.1554043139
0.1559399978
0.1571243564
0.1588354802
0.1609158314
0.1633154362
0.1660213593
0.1689973947
0.1721342042
0.1752940074
0.1785494377
0.1820049676
0.1855332208
0.1891188603
0.1929312537
0.196890653
0.2008090096
0.2046567066
0.2084417751
0.212181384
0.2158849113
0.2195639113
0.2233885372
0.2275160003
0.2319436166
0.2365531357
0.241172945
0.2457484665
0.2502299471
0.2544479795
0.2583865967
0.2622177934
0.2657017567
0.2685704295
0.2711203464
0.2734397948
0.2752072431
0.2762582842
0.2766069142
0.2764426916
0.2758566223
0.274682082
0.2729558322
0.2708431901
0.2682202096
0.2649916171
0.2613325009
0.2573550646
0.253062021
0.2486216345
0.2441621411
0.2395350646
0.2347118043
0.229830516
0.2249631343
0.2201298393
0.2153490714
0.2106254429
0.205941829
0.2012897929
0.1966692056
0.1920799503
0.1875362296
0.1830714189
0.1788043663
0.1748713518
0.1713397183
0.168285859
0.1658424489
0.1641156238
0.163133075
0.1628681701
0.1632816161
0.1643665432
0.1660102507
0.1680214153
0.170467116
0.1734469063
0.1766197051
0.1796856273
0.1826286835
0.1853185721
0.1876041072
0.1894578753
0.1909536447
0.1922642571
0.1933682644
0.194101901
0.1945907327
0.1949565213
0.1950637344
0.1949109654
0.1946366941
0.1941617142
0.1933944328
0.1925000431
0.191606426
0.1907135208
0.1896738812
0.1883512563
0.1869122343
0.1854222748
0.1836950256
0.1817693072
0.1798182924
0.1778952088
0.1760150848
0.1741776148
0.1723706168
0.170579426
0.1689691655
0.1676622767
0.1665198515
0.1656400892
0.1653272746
0.1657067832
0.1667488773
0.1682792165
0.1702485044
0.1728063388
0.1760171669
0.1798755768
0.1843762341
0.1894422035
0.1949155256
0.2008426721
0.2073760553
0.2143788434
0.2216248621
0.2289419183
0.2363546433
0.2440487076
0.2518750256
0.2596391583
0.2673749478
0.2750849533
0.2827355068
0.2901573533
0.2971859983
0.3038275736
0.3099982244
0.3155147654
0.3202952017
0.3243453013
0.327670801
0.3301232353
0.3313695993
0.3314923612
0.3308405023
0.3295017854
0.327481782
0.3247860406
0.3213972396
0.31728757
0.3126532596
0.3076971811
0.3024079048
0.296674343
0.2903302672
0.2832976731
0.2756454552
0.2677510036
0.2597156447
0.25116721
0.2422122629
0.2332214241
0.2244577598
0.2160812307
0.2080553517
0.200510901
0.1936458406
0.1874727667
0.181960604
0.1771210043
0.1731862622
0.1704889933
0.1688176328
0.1678791601
0.1677955945
0.1685779105
0.1700826685
0.1724146828
0.1756823949
0.179540998
0.1837003456
0.1881579547
0.1929248997
0.1979927395
0.2031750707
0.2083065638
0.2133875193
0.2185429184
0.2239350621
0.2294369722
0.2349318716
0.2405560704
0.2463081424
0.2520504072
0.2575721797
0.262746058
0.2677211403
0.2724545213
0.2766751249
0.280241064
0.2831620837
0.2856429195
0.2876928212
0.2889919322
0.2895187651
0.2894313038
0.2885983473
0.287014886
0.2850270886
0.2827029883
0.2798581109
0.2764276588
0.2723944974
0.2677468878
0.2624679842
0.2565463761
0.250303544
0.2440304036
0.2375417225
0.2308017312
0.2240161579
0.2169655504
0.2093547314
0.2014812282
0.1937179808
0.186251016
0.1791751954
0.1724844293
0.1661422325
0.1601836264
0.1547757089
0.1499195756
0.1454763464
0.1415393207
0.1382934841
0.1359033756
0.1343921109
0.1336161467
0.133487314
0.1339340263
0.1348128748
0.1359052836
0.1370059374
0.1380511878
0.1390696224
0.1400327199
0.1408411184
0.1413428088
0.1414585981
0.1412066428
0.140776807
0.1403357211
0.1398666354
0.1393711563
0.1388662731
0.138374007
0.1379161691
0.1375092931
0.1372689292
0.1373636859
0.1378719644
0.1387685662
0.1398815544
0.1409780291
0.1418713371
0.1425042047
0.1429098412
0.1430785965
0.1429980485
0.1426701645
0.1419548683
0.1406674242
0.1387509322
0.1361187755
0.1325733555
0.1281104571
0.1229074576
0.116823822
0.109763331
0.1020715664
0.0940040063
0.0855806612
0.0767961687
0.0676405692
0.0581324427
0.0484650349
0.0389799676
0.0300075511
0.0217201448
0.0139440167
0.0065886586
-0.0001455131
-0.0061745547
-0.0115274855
-0.0160311979
-0.0195769828
-0.022342594
-0.0244541372
-0.0259336586
-0.0269410869
-0.0276333299
-0.0280169124
-0.0280943493
-0.0278680915
-0.0271886208
-0.0259545221
-0.0244756201
-0.0230037869
-0.021522147
-0.0198841931
-0.0179602038
-0.0160442826
-0.01435519
-0.0127378768
-0.0112041987
-0.0098974822
-0.0090391123
-0.0088104946
-0.0092232919
-0.0100499563
-0.0109305055
-0.0120998151
-0.0139243623
-0.0163968235
-0.0194116254
-0.0228111169
-0.0266765171
-0.031145204
-0.0360792405
-0.041434148
-0.0473763718
-0.0538643104
-0.0607183188
-0.0677009665
-0.0746292789
-0.0815035339
-0.0883360197
-0.0951427474
-0.1018947812
-0.1085029127
-0.1147980627
-0.1207890546
-0.1266648222
-0.1321393398
-0.1368939761
-0.1411182573
-0.1450540672
-0.1488567736
-0.152609232
-0.1563284848
-0.1600169262
-0.163772471
-0.1677980486
-0.172304533
-0.1774083063
-0.1829632876
-0.1888250671
-0.1950245891
-0.2015552411
-0.2083782685
-0.2153111459
-0.2221797262
-0.2289675444
-0.2356741423
-0.2423166952
-0.2487429346
-0.2547764575
-0.2603753875
-0.2655359
-0.2702948996
-0.2745111249
-0.2780293906
-0.2809979603
-0.2834128416
-0.2849552365
-0.2854729527
-0.2849896239
-0.2835003567
-0.2809978908
-0.2774905323
-0.2731044823
-0.2680169389
-0.262285797
-0.2559686941
-0.2492406155
-0.2421390465
-0.2345308577
-0.2266498352
-0.2187660837
-0.2107342618
-0.2026239163
-0.1948095014
-0.18743481
-0.1804379283
-0.1736405743
-0.1669735671
-0.160606123
-0.1546160626
-0.1489848456
-0.143722497
-0.1387782916
-0.1339798623
-0.1295554095
-0.1259951461
-0.1232819633
-0.1212441042
-0.1198907566
-0.1193101913
-0.1196324929
-0.1209200624
-0.1231419937
-0.1261053266
-0.1296658711
-0.1338354575
-0.1384763986
-0.1434148146
-0.1486186715
-0.1540181704
-0.1594583385
-0.1648529128
-0.1701947721
-0.1753476408
-0.180183815
-0.1847057481
-0.1890292802
-0.1933257878
-0.1975026735
-0.2014029309
-0.2050078405
-0.2083075713
-0.2113044703
-0.2139708532
-0.2163165797
-0.2185442178
-0.2207141219
-0.2226230198
-0.2240342482
-0.224802329
-0.2250708472
-0.2249933209
-0.2245724751
-0.2237110233
-0.2222754819
-0.2202173666
-0.2176436736
-0.2148986974
-0.2119945193
-0.2086093497
-0.204782466
-0.2007115897
-0.1965581936
-0.1925233012
-0.188759223
-0.1853144071
-0.1821727279
-0.1793466044
-0.1767549172
-0.1742090803
-0.1717234949
-0.1694359466
-0.1673889164
-0.1655251553
-0.1636732066
-0.1618680333
-0.1602864092
-0.1586217473
-0.1565901074
-0.1543815022
-0.1522306757
-0.1503071728
-0.1486862492
-0.1473391251
-0.1460944893
-0.1450247074
-0.1444851092
-0.1446282273
-0.1454190558
-0.146682233
-0.1482734354
-0.1501899911
-0.1524291871
-0.154988364
-0.1578648094
-0.1610558147
-0.1645586779
-0.16825055
-0.1719598207
-0.1756364148
-0.1792804633
-0.1828921142
-0.1864925563
-0.1901153151
-0.1937882595
-0.197523606
-0.2013050301
-0.2051376712
-0.2090544643
-0.212750747
-0.2159093183
-0.2188199104
-0.2217619493
-0.2247182178
-0.2276925663
-0.2306851675
-0.2334958627
-0.2359388731
-0.2380171113
-0.2396387477
-0.2406710794
-0.2410434133
-0.2407274487
-0.2397287613
-0.2378441341
-0.2347409327
-0.2306263503
-0.2258614754
-0.2204633941
-0.2145152187
-0.2081914624
-0.201431701
-0.1941172643
-0.1865491394
-0.1790899729
-0.1719258431
-0.1651438423
-0.1587140057
-0.1524764018
-0.1464012869
-0.1407940745
-0.1358658403
-0.1316447549
-0.1281028558
-0.1252061241
-0.1229657296
-0.1214903395
-0.1209438324
-0.12137141
-0.1227519722
-0.1250929519
-0.128302489
-0.1321866635
-0.1365095646
-0.1411202921
-0.1461570629
-0.1516210929
-0.1571854286
-0.1626557439
-0.167999375
-0.1729062851
-0.177145267
-0.1808749238
-0.1842083378
-0.1871653747
-0.1897872444
-0.1921054239
-0.1941063724
-0.1957903622
-0.1971766732
-0.1982746232
-0.1990558028
-0.1993694339
-0.1990882599
-0.1982003787
-0.1968408164
-0.1951608838
-0.1930079903
-0.1902218524
-0.1868077182
-0.1827583806
-0.178062312
-0.1727203862
-0.1666789457
-0.1597739126
-0.1522351344
-0.144577846
-0.1368164508
-0.1288729436
-0.1210823949
-0.1135953411
-0.10623963
-0.0992414445
-0.0929379316
-0.0873643198
-0.082447465
-0.0780457882
-0.0741954867
-0.0710104136
-0.068342435
-0.066106049
-0.064467862
-0.0634002049
-0.0627280427
-0.0623838687
-0.0623543467
-0.0626536933
-0.0631707739
-0.0637170642
-0.0642410328
-0.0648027622
-0.0655728594
-0.0666764604
-0.0681107669
-0.0697255905
-0.0713761223
-0.0731926979
-0.0753085389
-0.0777378541
-0.0803529074
-0.0829646727
-0.0853500135
-0.0873414229
-0.0889421093
-0.0902872677
-0.0915652081
-0.0927975318
-0.0939622336
-0.0950933916
-0.0962140619
-0.0973242301
-0.0982808471
-0.0989279538
-0.0992410911
-0.0993215735
-0.0993748439
-0.0994789612
-0.0996167136
-0.0997853745
-0.100056245
-0.1005817054
-0.1014543464
-0.1026730736
-0.1040519183
-0.1054113304
-0.1067346533
-0.1079055038
-0.1087718999
-0.1092725497
-0.1093987765
-0.1091704
-0.1086019011
-0.1076960913
-0.1066122588
-0.1055217684
-0.1044382371
-0.1033616508
-0.1022919719
-0.101215058
-0.1001416818
-0.0992560547
-0.0987158997
-0.0985184126
-0.0987901678
-0.0996870321
-0.1010913505
-0.1029195951
-0.1053383173
-0.1084262783
-0.1121442273
-0.1161571196
-0.1201893935
-0.1244065148
-0.1287024934
-0.1327030233
-0.1364458548
-0.1400565324
-0.1431811866
-0.1455475911
-0.1471954442
-0.1481464859
-0.1484495401
-0.1484332136
-0.1483050957
-0.147896018
-0.1472527793
-0.1465640096
-0.1458773269
-0.1451866763
-0.144475316
-0.1437438899
-0.1430093588
-0.1422773484
-0.1415572656
-0.1408825982
-0.1402574316
-0.139647819
-0.1390697851
-0.138556641
-0.1381114237
-0.1376473746
-0.1369946245
-0.1360435909
-0.1347672614
-0.1331956437
-0.1313391386
-0.1291497688
-0.1267385529
-0.1242934006
-0.1218475861
-0.1193260629
-0.1165595256
-0.1134280753
-0.1099180415
-0.1062223384
-0.102541543
-0.0988669234
-0.095098337
-0.0910834487
-0.0867591258
-0.0821597874
-0.0774578532
-0.0727924652
-0.0681634947
-0.0637068976
-0.059594924
-0.0558924537
-0.0526123814
-0.0497177594
-0.0471858999
-0.0450094153
-0.0430153787
-0.0410937618
-0.0394141237
-0.0380877766
-0.0371118443
-0.0363224439
-0.035591325
-0.0350791068
-0.0349108631
-0.0350837475
-0.0354475332
-0.0358602919
-0.0364690756
-0.0373309842
-0.0382738879
-0.03922204
-0.0401762344
-0.0409698633
-0.041450156
-0.0416197074
-0.0416012462
-0.0415664815
-0.0415821268
-0.0416535537
-0.0417467713
-0.0420730896
-0.0430040582
-0.0444839593
-0.0463048288
-0.0484503665
-0.0510108494
-0.0541528088
-0.0579341031
-0.0623053677
-0.0670891371
-0.0720519408
-0.077005389
-0.0818498682
-0.0865874805
-0.0912357114
-0.0957382466
-0.0999092838
-0.1035421911
-0.1065049241
-0.1090844581
-0.1115075235
-0.1134518965
-0.114697578
-0.1152502233
-0.1151153309
-0.1143832754
-0.1134326056
-0.1124630638
-0.1113047419
-0.1098517497
-0.1080779121
-0.1060141256
-0.1037532755
-0.1014335067
-0.0992847207
-0.0975068556
-0.0961121546
-0.0950152068
-0.0940771653
-0.0931885124
-0.0923153439
-0.0914633884
-0.090649263
-0.0898729049
-0.0891239548
-0.0883854215
-0.0876505332
-0.0869192728
-0.0861916438
-0.0855561221
-0.0851819398
-0.0850078514
-0.0849055141
-0.0851683243
-0.0859983149
-0.0872207389
-0.0887372764
-0.0905537403
-0.0928209444
-0.0956861607
-0.0991611624
-0.1031270175
-0.1073928479
-0.1118938658
-0.1166327368
-0.1216241746
-0.1267782065
-0.1319233251
-0.136974231
-0.1419181049
-0.146770655
-0.151537336
-0.1562019374
-0.1609088906
-0.1658443704
-0.1710411147
-0.1764313966
-0.1818602325
-0.1872270258
-0.1925166778
-0.1977587411
-0.2029856433
-0.2081972751
-0.2132714173
-0.2180222655
-0.2224198462
-0.2265004117
-0.2302676975
-0.2337241353
-0.236872117
-0.2397139811
-0.2422520733
-0.2444887578
-0.2464263839
-0.2480672751
-0.2494272005
-0.2505233673
-0.2513444459
-0.2519479914
-0.2525056877
-0.2529829045
-0.25319396
-0.2531055688
-0.2527364549
-0.2520888933
-0.2512525674
-0.2503653619
-0.249315688
-0.2479349779
-0.2462169343
-0.244250204
-0.24219001
-0.2399570439
-0.2374123789
-0.2347060684
-0.2318901599
-0.2287787931
-0.2252905995
-0.2214598546
-0.2174463292
-0.2133904434
-0.2092926243
-0.2052735691
-0.2015006354
-0.1978684418
-0.1942739554
-0.1908702777
-0.1877810891
-0.1850374758
-0.1826492322
-0.1806054431
-0.1788697643
-0.1773396323
-0.1758769959
-0.1744195555
-0.1729700027
-0.1715450857
-0.1700714393
-0.16836274
-0.1663213924
-0.1639774301
-0.161673563
-0.1597351291
-0.1581926616
-0.1569223322
-0.1557184366
-0.1545517249
-0.1534973355
-0.1526908373
-0.1522247887
-0.1520963707
-0.1521772449
-0.1523217274
-0.1524848216
-0.1526404021
-0.152788524
-0.1529574454
-0.153175599
-0.1534143205
-0.1534904526
-0.1530653454
-0.1522160196
-0.1512869686
-0.1503770643
-0.1494320176
-0.1482653036
-0.1467617719
-0.1449242577
-0.1429067833
-0.1408140094
-0.1384785441
-0.1358946489
-0.1332511654
-0.1304537178
-0.1273568907
-0.1241327206
-0.1209203751
-0.1177030311
-0.11448667
-0.111290401
-0.1081338514
-0.105023929
-0.101943554
-0.0988831948
-0.0958427763
-0.0928222225
-0.0898214559
-0.0868404412
-0.0839925687
-0.0814467543
-0.0792572357
-0.0773735098
-0.0756230683
-0.0738825925
-0.072152134
-0.0705836377
-0.0693457211
-0.0684538091
-0.0678189319
-0.0672689673
-0.0667194955
-0.066148089
-0.0653680197
-0.064296502
-0.0631227859
-0.0618176165
-0.0602021864
-0.0583994146
-0.0565798027
-0.0547602696
-0.0529408731
-0.0511048704
-0.0492466401
-0.0473708949
-0.0454946185
-0.043620547
-0.0417318995
-0.0396720203
-0.0373391166
-0.0350719784
-0.0330679674
-0.0311381819
-0.029200949
-0.0272731693
-0.0253581776
-0.0234559247
-0.0215663682
-0.0197015598
-0.0178776802
-0.0160823562
-0.0143558379
-0.0128676951
-0.011620274
-0.0104417341
-0.0095926399
-0.0094100786
-0.0099066848
-0.0110769849
-0.0129154237
-0.0152690773
-0.0179637391
-0.0209739781
-0.0242073235
-0.0274750979
-0.0306931094
-0.0338609407
-0.0367955954
-0.0394044611
-0.0418768718
-0.0442055604
-0.0462191104
-0.0476833919
-0.0484784085
-0.0487964041
-0.0487681413
-0.0483963633
-0.0475564036
-0.0461894206
-0.0445972309
-0.0428283056
-0.0405441526
-0.0375949892
-0.0339863034
-0.0297235626
-0.0249710146
-0.0200728139
-0.0150798812
-0.0098218745
-0.0042458159
0.0016545154
0.0078594674
0.0142381697
0.0206189581
0.0267794657
0.032556535
0.037969875
0.0429193151
0.0472216187
0.0508097189
0.0536892914
0.0558659708
0.0573543475
0.0581767152
0.0583321577
0.0578092946
0.0566110943
0.0547505309
0.0522498574
0.0492399993
0.0458782571
0.0422043823
0.0382846595
0.0342912369
0.0302155005
0.0258882908
0.0212574702
0.0164255401
0.0117344509
0.0073210652
0.0030133231
-0.0009792625
-0.0043457523
-0.0070289971
-0.009113999
-0.0108091155
-0.0120466025
-0.0126310895
-0.0125662471
-0.011878992
-0.0105576206
-0.0087250789
-0.006545373
-0.0038775007
-0.0005608767
0.0033655069
0.0078975466
0.0130636886
0.0187041345
0.0246450706
0.0308793972
0.0375043649
0.0446865318
0.0523393399
0.060326242
0.0688130526
0.0777638071
0.0868175695
0.0958110739
0.1047613112
0.1136714684
0.1225344222
0.1313333846
0.1399588716
0.1482673937
0.1560212427
0.1631000712
0.1697126636
0.1758623949
0.181349219
0.1861239163
0.1902043991
0.1935800233
0.1961563159
0.1977863212
0.1985472075
0.1985642242
0.1976749142
0.1958269977
0.1932151187
0.1900761973
0.1865844421
0.1827768852
0.1786561678
0.1742249608
0.1694858826
0.1644461747
0.1592785871
0.1542631393
0.1497388153
0.1457103328
0.1418337817
0.1381470058
0.1348530387
0.1320943405
0.129987281
0.1285601397
0.1276747457
0.1271803966
0.1271879603
0.1278221718
0.1291114706
0.1310679488
0.1336686083
0.1367212882
0.1401278237
0.1440720189
0.1485291494
0.1533061581
0.1581922862
0.1630353638
0.1678356604
0.1728066681
0.1782866136
0.1840803753
0.1898454815
0.1955593708
0.201129202
0.206385995
0.211269407
0.2157963955
0.2199553397
0.223814401
0.2275458509
0.2310040143
0.2338956164
0.2362922368
0.2383232173
0.2399914137
0.2413113481
0.2423025522
0.2429559923
0.2432576456
0.2432102981
0.2429210631
0.2425619055
0.2422145129
0.2418917414
0.2415779364
0.2412600445
0.2409381012
0.2406262378
0.2403411413
0.2400852638
0.2398507402
0.2396206028
0.2393856402
0.2391458815
0.2389013602
0.2386458166
0.2383625735
0.2381684954
0.2382495522
0.2386631942
0.2393468775
0.2400947184
0.240782612
0.2414446577
0.242248657
0.2433633008
0.2448018283
0.2464730905
0.2482050819
0.2499296468
0.2516385575
0.2531479147
0.2542975532
0.255090343
0.2556686946
0.2562110294
0.2565779524
0.256594138
0.2562624679
0.2555857798
0.2545668561
0.2533740344
0.2520833081
0.2503599646
0.2481625811
0.2458349528
0.2433666178
0.2405888889
0.2374863185
0.2340615228
0.2303172608
0.2264082489
0.222518565
0.2186494078
0.2147783833
0.2109224061
0.2070910753
0.203284303
0.1995020021
0.1957440728
0.1920104262
0.1883009753
0.1846156309
0.1809543041
0.177357781
0.1739789751
0.1709477876
0.1682949948
0.1660023251
0.1640683438
0.1626730166
0.1617874668
0.161050889
0.1605671972
0.1606728577
0.1612641765
0.1621715432
0.1633588196
0.1648282206
0.1666063686
0.1685299074
0.17042107
0.1722465256
0.1740058727
0.1757330964
0.1772793719
0.178510868
0.1795575372
0.1803507673
0.180586287
0.1804287714
0.1801621489
0.179492354
0.1783051934
0.1769450009
0.1754559415
0.1736850483
0.1717685416
0.1698616743
0.1679643774
0.1660885054
0.1642504771
0.1624381582
0.1606348352
0.1588404859
0.1570656123
0.1553268755
0.1536302882
0.1519306525
0.1500412358
0.1479147444
0.1457231922
0.1436893622
0.1419546638
0.1403715191
0.1388754567
0.1376358452
0.1368728425
0.1367252671
0.1368863841
0.1371726297
0.1379231532
0.1392245577
0.1409022398
0.1429011327
0.1451663557
0.1475255606
0.1498704394
0.1522178614
0.1547307213
0.1574964012
0.1601693763
0.1624747164
0.1644153181
0.1659940362
0.1672162168
0.1681014645
0.1686591572
0.168875127
0.1687430229
0.1682655848
0.1674456133
0.1662858847
0.1647892043
0.1630740618
0.1613121919
0.1595583497
0.1578125171
0.1560746373
0.1541202749
0.1515778891
0.1486419917
0.1457254941
0.1430331836
0.1405909813
0.1381933146
0.1359107418
0.1339458509
0.1323313556
0.1309822017
0.1297094869
0.1286747306
0.1282136064
0.1280547383
0.1279866565
0.1283655885
0.1291892236
0.1301139494
0.1311912538
0.1325421012
0.1339986748
0.1354377618
0.1368594237
0.138111796
0.1390636824
0.1398861807
0.1405486998
0.1406957851
0.1402940426
0.1395218778
0.1384475841
0.137016237
0.1350272481
0.1323807791
0.1290990274
0.125191623
0.1207876035
0.1162480971
0.1115628209
0.1063596615
0.1007092474
0.0948552073
0.0889439763
0.0830954403
0.0773427984
0.0716701943
0.0660435917
0.0604588044
0.0549239301
0.0494555625
0.0441845067
0.0392625041
0.0347174346
0.0304760124
0.0263659554
0.0224092132
0.0187782858
0.0156546038
0.013064624
0.0106976658
0.0085441867
0.0069088853
0.0059296161
0.0056261186
0.0059609782
0.0067134885
0.0075404121
0.0086156322
0.0102751018
0.0123600407
0.0146171381
0.0168749169
0.0190714183
0.0212375224
0.0233469176
0.0253015322
0.0269325224
0.0282845133
0.0295581829
0.0304399709
0.0306843757
0.0306702228
0.0304402361
0.0296561566
0.0283544328
0.0267092314
0.0247346793
0.0224426907
0.0198527141
0.017105714
0.0143342843
0.0114246827
0.0082557182
0.0048128865
0.0012341053
-0.0022940781
-0.0057464509
-0.0091982807
-0.0128026548
-0.0166637926
-0.0207962006
-0.0250325286
-0.0292019486
-0.0333049263
-0.0373418371
-0.0413131041
-0.0452345696
-0.0491194803
-0.0529525506
-0.0567300632
-0.0604691194
-0.0641777355
-0.0678560391
-0.0715041525
-0.0751221842
-0.0787102597
-0.0822940427
-0.0859047568
-0.0895165064
-0.0931041355
-0.096684522
-0.1002681108
-0.1038547268
-0.1074276466
-0.1109300086
-0.1142256112
-0.1171994692
-0.1198206028
-0.1222478491
-0.1246693358
-0.1271023769
-0.1295381051
-0.1319595768
-0.1342459157
-0.136257306
-0.1379387012
-0.1393532604
-0.1407067561
-0.1422154394
-0.1440143271
-0.1461355672
-0.1485152323
-0.1509810691
-0.153434772
-0.1558931656
-0.1583616927
-0.1608307585
-0.1632667013
-0.1656652586
-0.168060205
-0.1704353372
-0.1727605295
-0.1750493333
-0.177401607
-0.1799867298
-0.1828592068
-0.185966572
-0.1891640214
-0.1923235864
-0.1954287699
-0.1987199287
-0.2025215286
-0.2065794984
-0.2105655401
-0.2144801999
-0.2183348582
-0.2221466485
-0.2259054448
-0.2295992539
-0.2332445772
-0.2368539939
-0.2404276058
-0.243801058
-0.2467923253
-0.2493988301
-0.2517211422
-0.2539315201
-0.2561167956
-0.2582752552
-0.260390251
-0.2624470733
-0.2644461048
-0.2663998151
-0.2683248194
-0.2702091703
-0.2720423848
-0.2738415811
-0.2756073826
-0.2773232111
-0.2789992564
-0.2806525401
-0.2822840517
-0.2838845092
-0.2854372564
-0.2868023149
-0.2878280398
-0.2884967476
-0.2888929405
-0.2891888344
-0.2894735085
-0.2897470072
-0.2900093936
-0.2902607087
-0.2905010467
-0.2908388033
-0.2914265206
-0.2923238627
-0.2934904053
-0.2947538249
-0.2960082707
-0.2972705438
-0.2985311072
-0.2997322733
-0.3007033171
-0.3013352959
-0.3016644629
-0.301824959
-0.3019599276
-0.3021230632
-0.3023422866
-0.3026171312
-0.3030527469
-0.3037868434
-0.3048813279
-0.306285319
-0.3077926542
-0.3092776525
-0.3107404707
-0.3122148103
-0.3137237356
-0.315233289
-0.3167098424
-0.3181368208
-0.3195235204
-0.3208869601
-0.3222285998
-0.3235485501
-0.3248469133
-0.3261096796
-0.3273227639
-0.3285006173
-0.3296501574
-0.3307547353
-0.3318182743
-0.3328452961
-0.3336531917
-0.3340757208
-0.3341328294
-0.3339422487
-0.3336591117
-0.3333496786
-0.332980976
-0.3323836723
-0.331439535
-0.3301514503
-0.3286917026
-0.3272084527
-0.3255324638
-0.3235184588
-0.3211692586
-0.3185015043
-0.3155346075
-0.3122739748
-0.3087895533
-0.3052364562
-0.3015614943
-0.2975799372
-0.2932638826
-0.2886932631
-0.2840403276
-0.2794145905
-0.2748159335
-0.2702279294
-0.26563854
-0.26106426
-0.2565171602
-0.2519971448
-0.2475041324
-0.2430380189
-0.2385987216
-0.2341861258
-0.2298001691
-0.2255791502
-0.2216918089
-0.2181671828
-0.2149225933
-0.2117691214
-0.2087362696
-0.2060098552
-0.2036371053
-0.2016094698
-0.1999074043
-0.1985173708
-0.1974368184
-0.1965160439
-0.1955961876
-0.1946543925
-0.1936881395
-0.1927145157
-0.1920254118
-0.1918842332
-0.1920186099
-0.1921690052
-0.1923185358
-0.1924586802
-0.1925894961
-0.1927110261
-0.1928233253
-0.1929264521
-0.1930325527
-0.1931574583
-0.1932720961
-0.1933550882
-0.1934402382
-0.1935391296
-0.1936347975
-0.1935602019
-0.1931899118
-0.1926873135
-0.1920850186
-0.1912139042
-0.1901488583
-0.1890613593
-0.1879742315
-0.1868875115
-0.1858011915
-0.1847153212
-0.1835965683
-0.1820881717
-0.1800128541
-0.1777322693
-0.1754619854
-0.1732019423
-0.1709521218
-0.1687124948
-0.16648304
-0.1642531828
-0.1620062478
-0.159910669
-0.1581150829
-0.1564762098
-0.1549603529
-0.1537197743
-0.1526764268
-0.1516860806
-0.1508935355
-0.1504398881
-0.1503223198
-0.1504064867
-0.1505221797
-0.1506474644
-0.1507911706
-0.1509363465
-0.151072675
-0.1512002002
-0.1513189682
-0.1513768204
-0.1512042141
-0.1506748997
-0.1497750268
-0.1485165667
-0.1469578207
-0.1452726783
-0.1434938199
-0.1414353134
-0.1391835086
-0.1369410079
-0.1347235194
-0.1323623142
-0.1295185979
-0.126269262
-0.1229576645
-0.1196658265
-0.116393691
-0.1131411893
-0.1099082635
-0.1066948353
-0.1035008478
-0.1003262322
-0.09717092
-0.0940348542
-0.0909179779
-0.0878202129
-0.0847415012
-0.0816817634
-0.0785524507
-0.075184274
-0.0715115829
-0.0675741954
-0.0635306001
-0.0595144809
-0.0555256899
-0.0515641401
-0.0476288281
-0.0437028716
-0.0397151773
-0.0355131108
-0.0309893856
-0.0261301157
-0.0211144822
-0.0161258259
-0.0111522233
-0.0061915229
-0.0012605502
0.0036338377
0.0084850743
0.0132597512
0.0178623014
0.0221575385
0.0260805718
0.0296527694
0.0330301256
0.0363488572
0.0396092581
0.0426992848
0.0454670122
0.0478741696
0.0499235919
0.0516181094
0.0529605438
0.0539537069
0.0546003926
0.05490338
0.0548655306
0.0545871019
0.0542400047
0.0539120765
0.0536167967
0.0533391278
0.0530652932
0.0527952819
0.0525425068
0.0523236103
0.0521416757
0.0519894719
0.0518499763
0.0517253444
0.0516322417
0.0515751125
0.0515480568
0.0515340583
0.0515433054
0.0516092257
0.0518726452
0.052468329
0.0534007941
0.0545813999
0.0558549495
0.057271562
0.0589664272
0.0609553866
0.0631623879
0.0654324292
0.0677927073
0.0703819627
0.0732608291
0.0763757544
0.0795211574
0.0825983914
0.0856410302
0.0886254778
0.0915297782
0.0943880471
0.0970956593
0.0994502526
0.1014100197
0.1030525044
0.1045525327
0.1059472502
0.1070674339
0.1079835161
0.1088397635
0.1094914271
0.109876917
0.1101683877
0.1104571438
0.1107418315
0.1110056777
0.1112464097
0.111497766
0.1117685863
0.1120418605
0.1121423227
0.1120058915
0.1119745527
0.1121889496
0.112493858
0.1128139007
0.1131359756
0.113475515
0.1139271247
0.1146430518
0.1156925984
0.1170480416
0.1185367427
0.1200897438
0.1218765539
0.1239880453
0.1264100847
0.1289700074
0.1315080352
0.134024327
0.1366346113
0.1395080284
0.1426635338
0.1460250893
0.1494540197
0.1528533062
0.1562230991
0.159563512
0.1628746587
0.1661566519
0.1694096354
0.1726337219
0.1758289725
0.1789955225
0.1821334952
0.1851680716
0.1879299998
0.1903262908
0.1923598368
0.1940334789
0.19535007
0.1963125054
0.1969235627
0.1971860052
0.1969370142
0.1961062308
0.1950340551
0.1938770003
0.1924825491
0.1907743925
0.188738336
0.1863753226
0.183782792
0.1811494989
0.1785678733
0.1760355212
0.1735353338
0.1710667037
0.1686630297
0.1663184418
0.1639996227
0.1617142926
0.1594725258
0.1572572384
0.1550573266
0.1528727251
0.1507033769
0.1485536988
0.1464403713
0.1443658353
0.1423130567
0.140274756
0.1382826509
0.1365064695
0.1350827319
0.1340085748
0.1332677685
0.1328426411
0.1327440889
0.1329844419
0.1335609323
0.1344708165
0.1357103965
0.1372434166
0.1390459825
0.1411494217
0.1434539618
0.1457711508
0.1481946293
0.1508976356
0.1539035983
0.157127219
0.160396646
0.1636366383
0.1668473332
0.1700288586
0.1731813089
0.1763048009
0.1793994613
0.1824654179
0.1855027769
0.1885183805
0.1915290928
0.1945330272
0.197513324
0.2004651562
0.2033395401
0.2059837684
0.2082849331
0.2102290273
0.2119870824
0.2137022729
0.2152003703
0.2163412766
0.2171278593
0.2175486054
0.2175924234
0.2172766383
0.216697641
0.2160276057
0.2153578398
0.2146883341
0.2140190918
0.2133501252
0.2126814191
0.2120130169
0.2113448131
0.2103366289
0.2087558406
0.20694727
0.2051483509
0.203359006
0.2015792095
0.1998089301
0.1980481154
0.1962059769
0.1941132645
0.1916927617
0.1889721648
0.1861241002
0.1832946415
0.1804836737
0.1776911357
0.1749169459
0.1721610421
0.1694233525
0.1667038061
0.16400233
0.1613188523
0.1586533129
0.1560056292
0.1533757282
0.1507635594
0.1481690511
0.1455921097
0.1431054544
0.1410484765
0.1394903907
0.1380536618
0.1367267039
0.1357122053
0.1350428276
0.1347157967
0.1347283253
0.1350651209
0.1356985238
0.1364685101
0.1372290356
0.1379802027
0.1388355167
0.1399639769
0.1412543041
0.142487594
0.1434897729
0.1442401539
0.1449107334
0.1455723119
0.1462282947
0.1468954795
0.1475786638
0.1482608469
0.1487953661
0.1490155096
0.1489089055
0.1485583598
0.1481191129
0.147679642
0.1472406113
0.1468188181
0.146424398
0.1460403414
0.1456665822
0.1453198182
0.1449895192
0.1446632567
0.1443571175
0.1440736029
0.143795744
0.1435163377
0.1432353942
0.1429529212
0.1426689295
0.1423834279
0.1420964277
0.1418079363
0.1415179648
0.141226517
0.1409336295
0.1407618022
0.1408754327
0.141149632
0.1414632619
0.1419525002
0.1426193091
0.1433257716
0.1440225214
0.1447096039
0.1453870618
0.1460549383
0.1467132791
0.1473621231
0.1480044386
0.1486570206
0.14924388
0.1495786797
0.1495664205
0.1492114972
0.1485334728
0.1475434534
0.1462272036
0.1445773169
0.1425988665
0.1404647152
0.1382892741
0.1359028752
0.1331917786
0.1301587175
0.1268063822
0.1231783104
0.1194469398
0.1157423072
0.1120642687
0.1084127341
0.104784892
0.1011638791
0.0975434952
0.0939406374
0.0903512044
0.0867734009
0.0833903646
0.0803723541
0.077716417
0.0753017928
0.0729566029
0.0706282974
0.0683168024
0.0660220771
0.0637440055
0.0614826157
0.0595662471
0.0582678118
0.0572539296
0.056246557
0.0552457453
0.0542514295
0.0533135311
0.0527717042
0.0527585387
0.0529296975
0.0531106737
0.0533159376
0.0535157025
0.0536849641
0.053840757
0.0539822562
0.0540927916
0.054183818
0.0542223048
0.054038811
0.0535151214
0.0526540827
0.0516127007
0.050562405
0.0495190541
0.0484826385
0.0474531194
0.0464304753
0.0454146778
0.0444057062
0.0433285825
0.0420139663
0.0406228286
0.0394865989
0.0385191303
0.0375582537
0.0366039856
0.0356562896
0.0347151376
0.0337641537
0.0327913768
0.0318133552
0.0308422345
0.0298779842
0.0289205789
0.0279699924
0.0270261945
0.0260891556
0.0251588511
0.0242489184
0.0233719575
0.0224972627
0.0216024903
0.0207046274
0.0198010157
0.0188756224
0.0179409742
0.0170132808
0.0160925031
0.0151676426
0.0142219752
0.0132498932
0.0122561142
0.0112576355
0.0102475534
0.0091924745
0.0082576898
0.0076457594
0.0073784572
0.0073607849
0.0074039583
0.0074263283
0.007444852
0.007462907
0.0074804957
0.007497618
0.0075142758
0.007530924
0.0075643557
0.0076307632
0.0077298303
0.0076326625
0.0069842989
0.0059989717
0.0050316859
0.0040844629
0.0031540941
0.0022572399
0.0013864789
0.0005248426
-0.000329942
-0.0011698412
-0.0019781663
-0.0027596262
-0.0035455771
-0.0044928094
-0.0057455438
-0.007317971
-0.0090735182
-0.0108076118
-0.0124943329
-0.0141617329
-0.0157931204
-0.0173878675
-0.018962991
-0.0205248674
-0.0219918153
-0.0230245308
-0.0235542605
-0.0239250496
-0.0242921881
-0.0246556817
-0.0250155441
-0.0253717985
-0.0257244573
-0.0260735436
-0.0264190661
-0.0267610505
-0.0270995019
-0.0274344597
-0.0277658956
-0.0280939467
-0.0287923989
-0.0301168681
-0.03168851
-0.0332464584
-0.0347908215
-0.0363216492
-0.0378466204
-0.0393993258
-0.0411689595
-0.0434601819
-0.0461257717
-0.0488225937
-0.0514960839
-0.0541463302
-0.0567734421
-0.0593775056
-0.0619586182
-0.0645168786
-0.0669315082
-0.0688804127
-0.0703849443
-0.0717717717
-0.073145081
-0.0744050323
-0.0752123639
-0.0755450285
-0.0757636651
-0.0758421343
-0.0755949134
-0.0750072617
-0.0741704418
-0.0732564598
-0.0720661543
-0.070307392
-0.0682661947
-0.066179284
-0.06391054
-0.0613601069
-0.0585059267
-0.0555121418
-0.0525408196
-0.0495918193
-0.0466650756
-0.0437604876
-0.0408616236
-0.0379564603
-0.0350614961
-0.0321888184
-0.0293383211
-0.0264949107
-0.0236418582
-0.0207775745
-0.0179969589
-0.0154861433
-0.0131967471
-0.0109735336
-0.0089208746
-0.0071717616
-0.005757261
-0.0046817196
-0.0039188394
-0.0032914986
-0.0026413249
-0.0019853996
-0.001445852
-0.001191761
-0.0012635655
-0.0016462764
-0.0023535818
-0.0033951529
-0.0047681672
-0.006320148
-0.0079115029
-0.009691605
-0.0117970214
-0.0142249695
-0.0168366027
-0.0194604513
-0.0220624147
-0.0245721893
-0.026820458
-0.0287096023
-0.0302470964
-0.0316058648
-0.0329638456
-0.0343544751
-0.0355604526
-0.0362098833
-0.0364950667
-0.0367240547
-0.0367788318
-0.0365402361
-0.0359772008
-0.0352250075
-0.0344609215
-0.0337412693
-0.0329139598
-0.031606295
-0.0298958313
-0.0281290082
-0.0264122741
-0.0247622542
-0.0231448798
-0.0215635649
-0.0200511767
-0.0185834526
-0.0171269738
-0.0156817079
-0.0142476103
-0.0128246319
-0.0113970582
-0.0099522278
-0.0085060098
-0.0070711959
-0.0056477753
-0.0043522174
-0.0033252502
-0.0026182283
-0.0021695989
-0.0017905091
-0.0013808349
-0.0009421974
-0.0004916451
-3.82233e-05
0.0004348132
0.0009375966
0.0014697983
0.0018442863
0.0019278507
0.0018929238
0.0018685257
0.0018713785
0.0020488243
0.0025139383
0.0031064971
0.0036941193
0.0042768532
0.0048547083
0.0054301785
0.00602005
0.0066308744
0.0072456746
0.00785523
0.0084606873
0.0090788502
0.0097189701
0.0103640764
0.0111193409
0.0121537224
0.0133513647
0.0145910093
0.0160400303
0.017592348
0.0188736131
0.0197671302
0.0203423051
0.0207581234
0.021136284
0.0214770454
0.0217945959
0.0221013918
0.0223668145
0.0224271543
0.02197763
0.0211049785
0.0201526467
0.0192072626
0.018256726
0.0172674903
0.0161386317
0.0147516698
0.0130525629
0.0110747947
0.0089902478
0.0068321992
0.0044481215
0.0017616906
-0.0012039882
-0.0042614843
-0.0070966295
-0.0093881061
-0.0112439367
-0.0129906453
-0.0146893276
-0.0163475095
-0.0179822179
-0.0195909367
-0.0211434252
-0.0222952506
-0.022847246
-0.023161363
-0.0234503852
-0.0236808696
-0.0237105746
-0.0233958375
-0.0227004736
-0.0217198186
-0.0206598142
-0.0196078529
-0.0185607468
-0.0175016934
-0.0162575576
-0.0145066869
-0.0123618499
-0.0102027102
-0.0084373811
-0.0072255103
-0.0062225687
-0.0052276519
-0.0042416595
-0.0032981397
-0.0024182185
-0.0015678701
-0.0009531465
-0.0009287144
-0.0012959536
-0.0017162047
-0.002187784
-0.0027992376
-0.0036858212
-0.004934389
-0.0065401765
-0.0083010013
-0.0100635349
-0.0118613275
-0.0136850317
-0.0155008205
-0.0173015369
-0.0191006855
-0.0209317979
-0.0227909481
-0.0246442712
-0.0264819206
-0.0282495397
-0.0297775672
-0.0309523442
-0.0317767709
-0.0324123918
-0.0329897842
-0.0333506549
-0.0333676101
-0.0330435026
-0.0325262815
-0.0319874114
-0.0314519719
-0.0307611353
-0.0295762962
-0.0279833456
-0.0263254839
-0.0246803081
-0.0230412797
-0.0213916124
-0.0197328202
-0.0180817996
-0.0164436898
-0.0148132775
-0.0131737754
-0.0115239677
-0.0098808316
-0.008407385
-0.0072721731
-0.0064860355
-0.0059554215
-0.0055082861
-0.0052076634
-0.0052198692
-0.0055526767
-0.0061196002
-0.0067655288
-0.0074061324
-0.008040329
-0.0086513481
-0.009236258
-0.0098288509
-0.0106587313
-0.0120300777
-0.0135493792
-0.014722527
-0.0155458909
-0.0161243216
-0.0166297551
-0.0171154613
-0.0175684029
-0.0180040516
-0.0184357346
-0.0188634566
-0.0192733549
-0.0196510226
-0.0200105908
-0.0202169868
-0.0199314134
-0.0192216839
-0.01843125
-0.0176467517
-0.0168681775
-0.0160954947
-0.0153286885
-0.0145677326
-0.0138126065
-0.0130727025
-0.012381494
-0.0117430498
-0.0111233989
-0.0105085468
-0.0098984766
-0.0092931705
-0.0086926092
-0.0080967764
-0.0075056539
-0.0069192206
-0.006337467
-0.0058330329
-0.0055752875
-0.0056596366
-0.0060764187
-0.0066527858
-0.007224382
-0.0077912843
-0.0083534908
-0.0089110335
-0.0094639245
-0.0100121939
-0.010555851
-0.0110852935
-0.0115837946
-0.0119094935
-0.0119424638
-0.0118368244
-0.0117318476
-0.0116274687
-0.0114010252
-0.0109167495
-0.0102994601
-0.0096870262
-0.0090793906
-0.0084765487
-0.0078784758
-0.0072851571
-0.0067021775
-0.0061462574
-0.0056068664
-0.00505034
-0.0044965651
-0.0039705711
-0.0034403566
-0.0028903329
-0.0023374669
-0.0017891816
-0.0012425424
-0.0006807612
-9.81795e-05
0.0004882232
0.0010828939
0.0017009536
0.0023289694
0.0029516381
0.0035689437
0.0039523277
0.0037849084
0.003299866
0.002823898
0.0023736333
0.0019497975
0.0015353822
0.0011240769
0.0007077916
0.0002530096
-0.0002470767
-0.0007585153
-0.0012659956
-0.0017695332
-0.002269144
-0.0027805399
-0.0033371672
-0.003930536
-0.0045294755
-0.0051599064
-0.005707715
-0.0058000452
-0.0054476446
-0.0049940367
-0.0045777656
-0.004221776
-0.0038919904
-0.0035649684
-0.003240701
-0.0029191788
-0.0026003905
-0.0022843258
-0.0019709758
-0.0016603268
-0.0013523715
-0.0010470981
-0.0007444904
-0.0003597801
0.0002931619
0.0013014277
0.0026110751
0.0037053888
0.0042437793
0.0045876675
0.0049505408
0.0053154312
0.0056935151
0.0060965255
0.0065076461
0.0067207828
0.0064145143
0.0057723953
0.0051333419
0.0045122107
0.0039044461
0.0033267237
0.0027729929
0.0022285323
0.0017071811
0.0012232966
0.0007765876
0.0003542092
-5.17163e-05
-0.0002754198
-0.0001575241
0.0002991178
0.0009783725
0.0017084078
0.0024321927
0.0031497535
0.0038611181
0.0045663076
0.005265351
0.0059582706
0.0066383591
0.0072721139
0.0078501087
0.0084063012
0.0088190161
0.0089194386
0.0086784652
0.0082441782
0.0079580793
0.0077394185
0.0072293204
0.0067045499
0.0064055075
0.0059903014
0.0054603333
0.0051564083
0.0050310798
0.0049584562
0.0051014183
0.0054948324
0.0059833031
0.0061865488
0.0058139102
0.0051675474
0.0045259699
0.0038890917
0.003270353
0.0026845988
0.002118145
0.0015558652
0.000997747
0.0004437705
-0.0001060775
-0.0006518136
-0.0011366896
-0.0013911986
-0.0014128594
-0.0013735195
-0.0013348092
-0.0012535854
-0.0009601846
-0.0004247595
0.0001807218
0.0007809301
0.0013758928
0.0019656322
0.0025501707
0.0031295295
0.0037037267
0.0042743539
0.004858218
0.0054636804
0.0060737462
0.0066782967
0.0072773583
0.0078709523
0.0084537265
0.0090089532
0.0095359613
0.0100517487
0.0105626439
0.0110278039
0.0112774973
0.0112774184
0.0111996109
0.0109764573
0.0104664848
0.0098172461
0.0091725695
0.008532401
0.0078967338
0.0072655445
0.0066388194
0.0060165417
0.0053986913
0.0047852512
0.0041762045
0.0035715384
0.0029712268
0.0023752675
0.0017836121
0.0011963333
0.0009264917
0.0012302651
0.0017731121
0.0022774545
0.0027436601
0.0031861076
0.0036217512
0.0040533148
0.0044808024
0.0049042861
0.0055823893
0.0068301515
0.0083842015
0.0099248761
0.011452323
0.012966564
0.0144676733
0.015955693
0.0174306844
0.0188926793
0.0202396923
0.0213026022
0.0220157183
0.022421766
0.0227100379
0.0230283601
0.0233764146
0.023740101
0.0240570968
0.023984769
0.02338879
0.0226302612
0.0218976807
0.0211740536
0.0204550859
0.0197407645
0.0190310709
0.0183371948
0.017675796
0.0170358731
0.0164004901
0.015769199
0.0151419556
0.0145188318
0.0142038092
0.0144660494
0.014996837
0.0155222469
0.0160423629
0.01652986
0.0169554747
0.0173470254
0.0177342811
0.0181173005
0.0187456368
0.0199428214
0.021437762
0.0228856769
0.0242870027
0.0256530058
0.0270007253
0.0283360601
0.0296955092
0.0312152746
0.03301329
0.0351207218
0.03739958
0.0396785175
0.0419370904
0.0441753889
0.0463934922
0.0485915013
0.0507349785
0.0525008398
0.0537372354
0.0547718147
0.0558076871
0.0568611014
0.057919779
0.0589729059
0.0600372848
0.0611132138
0.062183769
0.0632588172
0.0643508018
0.065443646
0.0665247715
0.0675942404
0.0686666571
0.0697558235
0.0708469971
0.0719343357
0.0730345484
0.0738752532
0.0741337685
0.0740790512
0.0740216258
0.0739614194
0.0738984768
0.073832803
0.0737644233
0.0736879691
0.0735867134
0.0734494495
0.0732764818
0.0730837683
0.0728801704
0.0726333043
0.0723364044
0.0720234576
0.0717097943
0.0713900281
0.0710306356
0.0706194562
0.0701904887
0.0697617668
0.0693332928
0.0689050711
0.0684771071
0.0680494047
0.06762197
0.0671948059
0.0667679191
0.0663413068
0.0659150004
0.0656036872
0.0655931521
0.0659376631
0.0665827679
0.0673713534
0.0681838477
0.0690200565
0.0698656311
0.070703694
0.0715315888
0.0724341301
0.073597444
0.0748500228
0.0758457499
0.0766712932
0.0774865575
0.0782915471
0.0790863227
0.0798709292
0.0806454199
0.0814098416
0.0821642364
0.0829086532
0.0836431438
0.0843677536
0.0850825336
0.0857875169
0.0863942679
0.0867335936
0.0867261027
0.0863972724
0.0859197948
0.0854273423
0.0848864382
0.0843038154
0.0837133722
0.0831236742
0.0825347229
0.0819465207
0.0813590779
0.0807723892
0.0801537547
0.0794793226
0.0787822311
0.077887114
0.076455792
0.0746562021
0.0728652015
0.0712890394
0.0698894897
0.0683250813
0.0665680589
0.0647900128
0.0630228216
0.0614116497
0.0602953127
0.0596150904
0.0590274647
0.0584412018
0.0578562945
0.0572727523
0.0566905707
0.0561097586
0.055546437
0.055012777
0.0544923976
0.0537777409
0.0525305943
0.0509393526
0.0493738966
0.047845215
0.0463258002
0.0448156178
0.0433280802
0.0418798182
0.0404739119
0.0391031146
0.0377503962
0.0364179047
0.0351218463
0.0338498618
0.0325854684
0.0313286305
0.0299704459
0.0283418312
0.0265448978
0.0247940684
0.0232681146
0.0219969224
0.020808401
0.019627183
0.0184474049
0.0172355179
0.0159802308
0.0147155055
0.0134588878
0.0122103485
0.0109698613
0.0097373968
0.0085129287
0.0072964276
0.0060878771
0.0048872444
0.0038034907
0.00317568
0.00290547
0.0026490555
0.0023909909
0.0021313031
0.0018700162
0.0016071465
0.0013427188
0.0010767538
0.0008092741
0.0005402998
0.0002620229
-4.22301e-05
-0.0003681772
-0.0006988545
-0.0010304116
-0.0013628203
-0.001696057
-0.0020300955
-0.0023649128
-0.0027172216
-0.0030932789
-0.0034594144
-0.0038964607
-0.0045729091
-0.0055671116
-0.0068542866
-0.0082637462
-0.0096634998
-0.0110535186
-0.0124337085
-0.0138287908
-0.0154071344
-0.0173030289
-0.0194963369
-0.0218593063
-0.0242371653
-0.0265764467
-0.0288679419
-0.0311284507
-0.0333683653
-0.0355875922
-0.0377860391
-0.0399587795
-0.0420892378
-0.0441758127
-0.0462352054
-0.0482590276
-0.0502344109
-0.0521765482
-0.0540984688
-0.0560001163
-0.057908629
-0.0598521007
-0.0618026735
-0.0635851477
-0.0648692863
-0.0657227663
-0.0664817289
-0.0672308824
-0.0679702257
-0.0686996899
-0.0691989435
-0.0691408916
-0.0687749487
-0.068457327
-0.0681644978
-0.0676799605
-0.0666779601
-0.0653224473
-0.0639454042
-0.0625821372
-0.0612490557
-0.0599782017
-0.0587586734
-0.057557826
-0.0563696207
-0.0551940724
-0.0540311997
-0.052881008
-0.0517435104
-0.0506187164
-0.0495066281
-0.0484072837
-0.0475312436
-0.0471975197
-0.0472018765
-0.0472187714
-0.0472352917
-0.0472513868
-0.0472670785
-0.0472823306
-0.0473567083
-0.0478076629
-0.0487240079
-0.049766043
-0.050775808
-0.0517691986
-0.0527493692
-0.0537034331
-0.0546004679
-0.0554452286
-0.056268469
-0.0570480248
-0.0577645626
-0.0584497284
-0.059114465
-0.059743628
-0.0606411245
-0.0620460897
-0.0636426418
-0.0650203599
-0.0658885295
-0.0663928831
-0.0668441111
-0.0672685444
-0.0676612494
-0.0680376814
-0.0684058526
-0.0687371602
-0.0687275998
-0.0682403654
-0.0676163003
-0.0670361129
-0.0664693136
-0.0659070376
-0.0653540431
-0.0648250829
-0.0643299106
-0.0638680426
-0.0634389988
-0.0630422916
-0.0626774548
-0.062498312
-0.0627833733
-0.0634251073
-0.0641515652
-0.064922249
-0.0657226672
-0.0665231699
-0.0673081199
-0.0680775589
-0.0688315231
-0.0695811438
-0.0703548832
-0.0711498337
-0.0719368842
-0.0726930147
-0.0734043305
-0.0740713811
-0.0747033656
-0.0753147558
-0.0758982133
-0.0764431774
-0.0769629738
-0.0774537685
-0.0778880689
-0.0782770358
-0.0786489909
-0.0790084722
-0.0792228893
-0.0790029178
-0.0784078459
-0.0777214027
-0.0770116317
-0.076284129
-0.0755528608
-0.0748172737
-0.0740640544
-0.0733025923
-0.0725426224
-0.0717710234
-0.0709866922
-0.0702032907
-0.0694262156
-0.0686554577
-0.0678910073
-0.0671328555
-0.0663809915
-0.0656354044
-0.0648960823
-0.0641630141
-0.0634361866
-0.0627155894
-0.0620108206
-0.0613345237
-0.0606894746
-0.0600705446
-0.0594645726
-0.0588632571
-0.0582666012
-0.0576991106
-0.0571783924
-0.0566791733
-0.0561830713
-0.0556900854
-0.0552002098
-0.0547183871
-0.0542691542
-0.0538591098
-0.0534629628
-0.0530684092
-0.0526754529
-0.052284095
-0.0518943358
-0.051506176
-0.0511196182
-0.0507346624
-0.0503513105
-0.0499695617
-0.0495894155
-0.0492031759
-0.048799262
-0.0483852714
-0.0479700445
-0.0475425243
-0.047235513
-0.0472916508
-0.0475922977
-0.0478901139
-0.0481672684
-0.0484332874
-0.0486882532
-0.0489232116
-0.049128405
-0.049313305
-0.0495815787
-0.0501560352
-0.0509995927
-0.051882103
-0.052739932
-0.0535732382
-0.0543821926
-0.0551669554
-0.0559276984
-0.0566645876
-0.0573777932
-0.0580674818
-0.0587457227
-0.05943357
-0.060121415
-0.0607878168
-0.0614301112
-0.0620484837
-0.0626431233
-0.0632142122
-0.0637629051
-0.0642995851
-0.0648334089
-0.0653640386
-0.0658840267
-0.0663831814
-0.0668586923
-0.0672462132
-0.0673469352
-0.0671631615
-0.0669110961
-0.0666701134
-0.0664374699
-0.0662031229
-0.065852956
-0.0651955226
-0.0643160462
-0.0634134416
-0.0625166312
-0.0616256436
-0.0607404432
-0.0597151441
-0.0583798716
-0.0568786173
-0.0553830581
-0.053902593
-0.0524428731
-0.0510037726
-0.0495761865
-0.0481540137
-0.0467464794
-0.0453598008
-0.0439938474
-0.0426404338
-0.0412728561
-0.0398120903
-0.0382933993
-0.0368932233
-0.0356170356
-0.0343741422
-0.033141886
-0.031917019
-0.0307081871
-0.0296479042
-0.0288887766
-0.0282956765
-0.0277087949
-0.0271281711
-0.0265537535
-0.0259855823
-0.0255829792
-0.0254549181
-0.0254350383
-0.0254073053
-0.0253718231
-0.0253286707
-0.0252779341
-0.025219707
-0.0251939172
-0.0252755985
-0.0254973361
-0.0258440121
-0.0262364407
-0.0266081308
-0.0269593171
-0.0272955701
-0.0276240859
-0.0279464314
-0.0282597906
-0.0285569823
-0.028833638
-0.0290899443
-0.0291921014
-0.0290461196
-0.0287930499
-0.028534131
-0.0282694539
-0.0279991319
-0.0277232743
-0.0274419902
-0.0271618301
-0.0268952423
-0.0265349979
-0.0259615364
-0.0252818384
-0.0246092052
-0.0239435872
-0.023284976
-0.0226333493
-0.0219886906
-0.0213509797
-0.0207201965
-0.0200963206
-0.0194793288
-0.0188638895
-0.0182461495
-0.0176317056
-0.0170216004
-0.0164106098
-0.0158014331
-0.0151995332
-0.0146055228
-0.0140675915
-0.0136804608
-0.013409855
-0.0131548374
-0.0128910034
-0.0126163708
-0.0123361711
-0.01208412
-0.0119014051
-0.0118009187
-0.0117662479
-0.0117442763
-0.0117039275
-0.0116501255
-0.0115807053
-0.0114929257
-0.0113913556
-0.011279502
-0.0111576048
-0.011022435
-0.0108711089
-0.0107075934
-0.0105355097
-0.0103550782
-0.0101367729
-0.0098447516
-0.0094749275
-0.0090460029
-0.0085971798
-0.0081511112
-0.0077078497
-0.007267454
-0.0068321065
-0.0064082995
-0.0059551407
-0.0054033794
-0.0047916795
-0.0041877702
-0.0035989193
-0.0030271078
-0.00247188
-0.0019303405
-0.00139979
-0.0008824699
-0.000380435
0.0001067327
0.000581488
0.0010467352
0.0015031658
0.0019489034
0.0023791765
0.0027948288
0.0032011427
0.0035997205
0.0039906141
0.0043738731
0.0047495477
0.005117688
0.0054783452
0.0058315705
0.0061774147
0.0065159281
0.0068471626
0.0071711692
0.0074879987
0.0077977027
0.0081011564
0.0084001435
0.0086941758
0.0089803771
0.0092432036
0.009475297
0.0096932164
0.0098970805
0.0100734697
0.0102346618
0.0103962659
0.0105567912
0.0107150912
0.0108711076
0.0110247847
0.0111760676
0.0113249018
0.0114646838
0.0115834641
0.011687736
0.0117914713
0.0118956633
0.0119942444
0.0120765517
0.0121464394
0.0122163657
0.0122881286
0.0123605537
0.0124334934
0.0125068022
0.0125803376
0.0126539604
0.012727533
0.0128009209
0.0128787454
0.0129684279
0.0130705576
0.013181003
0.013292663
0.0134004143
0.0135042373
0.013604111
0.013699941
0.0137911017
0.0138822513
0.0139847998
0.0140959297
0.0142035678
0.0143047058
0.0143994179
0.0144877788
0.0145698621
0.0146457419
0.0147154918
0.0147791851
0.0148368949
0.0148886937
0.014934655
0.0149778449
0.015020006
0.0150539727
0.0150762103
0.0150911368
0.0151008569
0.0151054336
0.01510493
0.015099409
0.0150889332
0.0150735651
0.0150533673
0.0150284022
0.0149987316
0.0149644179
0.0149256552
0.0148826902
0.0148354312
0.0147837702
0.0147279287
0.014667976
0.0146037795
0.0145354558
0.014463176
0.01438685
0.0143064135
0.014221934
0.0141335719
0.0140414852
0.0139456261
0.0138459492
0.0137425226
0.0136367169
0.0135301688
0.0134212943
0.0133082636
0.0131911815
0.0130701505
0.0129452717
0.0128166448
0.0126843401
0.0125483496
0.0124087675
0.0122658143
0.0121196315
0.0119703063
0.011817925
0.0116625726
0.0115043323
0.011343039
0.0111785141
0.0110108886
0.0108404614
0.010667639
0.0104926595
0.0103155769
0.0101362404
0.0099545558
0.0097706886
0.0095848626
0.0093973006
0.0092081166
0.0090173638
0.0088250884
0.0086313258
0.008436101
0.008239447
0.0080413923
0.0078419254
0.0076410829
0.0074389726
0.0072356938
0.0070313092
0.0068258092
0.0066191915
0.0064114965
0.0062027661
0.0059930419
0.0057823674
0.0055707859
0.0053583384
0.0051450665
0.004931013
0.0047162205
0.0045007316
0.00428459
0.0040678397
0.0038505234
0.003632686
0.0034143717
0.0031956214
0.0029764781
0.0027569847
0.0025371844
0.0023171213
0.002096839
0.0018763808
0.0016557899
0.0014351111
0.0012143868
0.0009936594
0.0007729718
0.0005523655
0.0003318833
0.0001115678
